-1.94194
-3.87577
-5.8138
-7.7623
-9.70247
-11.6302
-13.5608
-15.4927
-17.4301
-19.3739
-21.3185
-23.2644
-25.2106
-27.1491
-29.1006
-31.0476
-32.9957
-34.9453
-36.8937
-38.833
-40.7696
-42.7044
-44.6463
-46.5816
-48.5205
-48.5268
-48.5436
-48.5499
-48.5518
-48.5577
-48.5746
-48.5937
-48.5998
-48.595
-48.586
-48.579
-48.5726
-48.5709
-48.5764
-48.5618
-48.5523
-48.544
-48.5302
-48.5227
-48.5309
-48.5383
-48.5507
-48.5604
-48.5674
-48.5685
-48.563
-48.5496
-48.5487
-48.546
-48.5545
-48.5488
-48.5403
-48.5427
-48.5498
-48.5447
-48.5367
-48.5308
-48.5359
-48.543
-48.552
-48.554
-48.5586
-48.5604
-48.5637
-48.5689
-48.5663
-48.5518
-48.5229
-48.5153
-48.5161
-48.5031
-48.5026
-48.5008
-48.4782
-48.4478
-48.4501
-48.4456
-48.4261
-48.4073
-48.4086
-48.4025
-48.3998
-48.379
-48.3532
-48.3373
-48.3246
-48.3063
-48.2902
-48.2689
-48.2459
-48.2317
-48.2126
-48.2073
-48.1937
-48.1767
-48.1696
-48.1537
-48.1259
-48.1123
-48.1113
-48.0931
-48.0723
-48.0741
-48.0789
-48.0581
-48.0421
-48.0291
-48.0175
-48.0062
-47.9867
-47.9719
-47.97
-47.9667
-47.9504
-47.9314
-47.9151
-47.9221
-47.9224
-47.9123
-47.9037
-47.9044
-47.9034
-47.8916
-47.8838
-47.8698
-47.8442
-47.8334
-47.8223
-47.8149
-47.8134
-47.8082
-47.7957
-47.783
-47.7682
-47.7512
-47.7403
-47.7225
-47.7096
-47.7137
-47.7123
-47.7037
-47.6736
-47.6444
-47.6114
-47.5915
-47.5642
-47.5382
-47.537
-47.5322
-47.5156
-47.51
-47.4958
-47.4724
-47.4525
-47.4484
-47.4546
-47.4328
-47.4117
-47.3928
-47.3782
-47.3577
-47.3423
-47.3254
-47.3024
-47.2807
-47.2747
-47.2846
-47.2834
-47.2986
-47.2924
-47.2848
-47.2703
-47.2621
-47.2602
-47.2495
-47.2455
-47.2424
-47.234
-47.2227
-47.1974
-47.175
-47.1722
-47.1673
-47.1664
-47.1697
-47.1735
-47.1694
-47.159
-47.1495
-47.1391
-47.121
-47.0863
-47.0815
-47.0722
-47.0628
-47.0484
-47.0354
-47.0001
-46.9773
-46.9715
-46.9577
-46.942
-46.9461
-46.9368
-46.9348
-46.9357
-46.9404
-46.9232
-46.7867
-46.5786
-46.5019
-46.477
-46.4675
-46.459
-46.4563
-46.4498
-46.4485
-46.4291
-46.4089
-46.4086
-46.4096
-46.415
-46.417
-46.4089
-46.4068
-46.4081
-46.3964
-46.3738
-46.3582
-46.3377
-46.3019
-46.2882
-46.2884
-46.407
-46.6037
-46.6756
-46.6821
-46.6775
-46.6739
-46.6739
-46.661
-46.6577
-46.6611
-46.6628
-46.6409
-46.6358
-46.6239
-46.6236
-46.6247
-46.6059
-46.5966
-46.6022
-46.6062
-46.5978
-46.6136
-46.6338
-46.6297
-46.6509
-46.6587
-46.6499
-46.6334
-46.6207
-46.6152
-46.6042
-46.5976
-46.5994
-46.587
-46.5728
-46.5683
-46.5697
-46.5602
-46.5623
-46.5704
-46.5585
-46.5631
-46.5601
-46.5624
-46.5616
-46.5687
-46.5535
-46.5309
-46.5174
-46.4923
-46.4613
-46.4482
-46.4426
-46.4517
-46.4516
-46.4517
-46.444
-46.4421
-46.4557
-46.4612
-46.4567
-46.4568
-46.452
-46.447
-46.4453
-46.4425
-46.4333
-46.4266
-46.4073
-46.3952
-46.387
-46.3984
-46.4205
-46.4333
-46.4325
-46.4464
-46.4556
-46.4452
-46.4314
-46.4185
-46.4072
-46.4064
-46.4056
-46.4054
-46.3969
-46.3989
-46.3992
-46.4008
-46.3865
-46.366
-46.3677
-46.3781
-46.3835
-46.3946
-46.3963
-46.391
-46.3737
-46.3472
-46.3306
-46.3268
-46.3241
-46.3113
-46.3174
-46.3185
-46.3277
-46.3378
-46.3247
-46.3098
-46.3082
-46.3204
-46.3195
-46.3164
-46.318
-46.3262
-46.3295
-46.3172
-46.3095
-46.3037
-46.3016
-46.3083
-46.3212
-46.3312
-46.3544
-46.3686
-46.3731
-46.3914
-46.4054
-46.3997
-46.4015
-46.4014
-46.4033
-46.4275
-46.4517
-46.4592
-46.4549
-46.4571
-46.4679
-46.4663
-46.4768
-46.4784
-46.4763
-46.4668
-46.4541
-46.4519
-46.4481
-46.4464
-46.438
-46.416
-46.3972
-46.3954
-46.3986
-46.3855
-46.3905
-46.4045
-46.4133
-46.415
-46.392
-46.3774
-46.3684
-46.3742
-46.3821
-46.3659
-46.3534
-46.3498
-46.3624
-46.3803
-46.3829
-46.3744
-46.3692
-46.3639
-46.3644
-46.3694
-46.3771
-46.3918
-46.4006
-46.3903
-46.3858
-46.3955
-46.3878
-46.3781
-46.3766
-46.3772
-46.3767
-46.3824
-46.3864
-46.3813
-46.3845
-46.3971
-46.3974
-46.4033
-46.4052
-46.415
-46.4393
-46.4615
-46.4747
-46.4667
-46.4688
-46.4845
-46.483
-46.4717
-46.4686
-46.4869
-46.4955
-46.498
-46.4972
-46.5007
-46.5134
-46.527
-46.5329
-46.5289
-46.5185
-46.5097
-46.5047
-46.4979
-46.4832
-46.4883
-46.4948
-46.4987
-46.4849
-46.4753
-46.4869
-46.4833
-46.4636
-46.4554
-46.4664
-46.4775
-46.4896
-46.4808
-46.4761
-46.4846
-46.4944
-46.4966
-46.4888
-46.4795
-46.4913
-46.5135
-46.5403
-46.5477
-46.5539
-46.5644
-46.5664
-46.5593
-46.5563
-46.5781
-46.5892
-46.5838
-46.5913
-46.6123
-46.6287
-46.6356
-46.644
-46.6491
-46.6519
-46.663
-46.677
-46.6785
-46.6779
-46.6914
-46.7002
-46.6926
-46.6808
-46.6806
-46.6963
-46.7015
-46.7028
-46.7068
-46.7088
-46.721
-46.7146
-46.7107
-46.7205
-46.7212
-46.7173
-46.7149
-46.7031
-46.6954
-46.6882
-46.6895
-46.6806
-46.6742
-46.6668
-46.6723
-46.6781
-46.6734
-46.6739
-46.6951
-46.7073
-46.713
-46.7293
-46.7378
-46.7342
-46.7377
-46.7321
-46.7232
-46.7304
-46.7444
-46.7563
-46.7607
-46.7745
-46.7993
-46.8066
-46.8196
-46.8343
-46.8383
-46.8304
-46.8352
-46.8487
-46.8461
-46.8459
-46.8514
-46.8442
-46.8273
-46.8079
-46.8053
-46.8059
-46.8148
-46.8297
-46.8304
-46.8282
-46.827
-46.8144
-46.8036
-46.799
-46.791
-46.782
-46.7742
-46.7628
-46.7566
-46.757
-46.7771
-46.7962
-46.7889
-46.794
-46.811
-46.8201
-46.8132
-46.8239
-46.8334
-46.8248
-46.8303
-46.8392
-46.8368
-46.8465
-46.8594
-46.8727
-46.8804
-46.8881
-46.9019
-46.9054
-46.9022
-46.9145
-46.9181
-46.926
-46.9459
-46.9486
-46.9349
-46.9336
-46.93
-46.9224
-46.911
-46.9102
-46.892
-46.9002
-46.9136
-46.9069
-46.9001
-46.92
-46.9394
-46.9429
-46.9326
-46.9392
-46.9398
-46.941
-46.9555
-46.963
-46.9394
-46.9345
-46.9397
-46.946
-46.9484
-46.9577
-46.9698
-46.9806
-46.9994
-47.0159
-47.0264
-47.0404
-47.0316
-47.0238
-47.0254
-47.0313
-47.0257
-47.0212
-47.0321
-47.0451
-47.0329
-47.0284
-47.0261
-47.0208
-47.0315
-47.0546
-47.0564
-47.0594
-47.0555
-47.0425
-47.0455
-47.0435
-47.0338
-47.0179
-47.0086
-47.0136
-47.021
-47.0361
-47.0371
-47.0324
-47.0337
-47.0266
-47.0053
-46.9895
-46.9859
-46.9919
-46.9921
-46.9905
-47.0023
-46.9986
-47.0033
-47.022
-47.0214
-47.0094
-47.0161
-47.0159
-47.0136
-47.0298
-47.0278
-47.0261
-47.0158
-47.01
-46.9972
-47.0119
-47.0219
-47.0181
-47.007
-47.0082
-47.0261
-47.027
-47.0244
-47.0358
-47.0388
-47.0232
-47.0194
-47.0221
-47.0208
-47.0197
-47.024
-47.0191
-47.0277
-47.0426
-47.029
-47.0158
-47.0159
-47.0321
-47.0426
-47.0463
-47.0367
-47.0413
-47.0422
-47.0526
-47.0623
-47.0447
-47.0375
-47.0336
-47.0279
-47.0319
-47.0448
-47.0508
-47.0433
-47.0348
-47.0381
-47.0389
-47.0315
-47.0094
-47.0057
-47.001
-47.0125
-47.0227
-47.0152
-47.0125
-47.0227
-47.023
-47.018
-47.0256
-47.0298
-47.0321
-47.0315
-47.0373
-47.0443
-47.0494
-47.0407
-47.0265
-47.0263
-47.0306
-47.0306
-47.0242
-47.0174
-47.0358
-47.0495
-47.0331
-47.038
-47.0563
-47.0602
-47.0637
-47.0716
-47.0594
-47.0589
-47.0699
-47.071
-47.0696
-47.0664
-47.0696
-47.0732
-47.0842
-47.0824
-47.08
-47.0872
-47.082
-47.0766
-47.0834
-47.0768
-47.0678
-47.0511
-47.0372
-47.037
-47.0289
-47.0069
-46.9867
-46.9771
-46.9792
-46.992
-46.9872
-46.9759
-46.9675
-46.9601
-46.9493
-46.9559
-46.9507
-46.9347
-46.9293
-46.94
-46.9359
-46.9338
-46.9328
-46.9274
-46.9301
-46.9516
-46.97
-46.9831
-46.994
-47.007
-47.0211
-47.0404
-47.0464
-47.0237
-46.9987
-46.9933
-46.994
-46.9976
-47.007
-47.0091
-47.0006
-46.998
-46.9994
-46.9959
-46.9881
-46.9802
-46.9738
-46.9727
-46.9799
-46.9899
-46.9881
-46.9716
-46.9537
-46.9508
-46.946
-46.9429
-46.9367
-46.9363
-46.9456
-46.9664
-46.9689
-46.9638
-46.9537
-46.9426
-46.9405
-46.9436
-46.9335
-46.9366
-46.9478
-46.9531
-46.9581
-46.969
-46.9721
-46.961
-46.9485
-46.9442
-46.9494
-46.9579
-46.9483
-46.9393
-46.9348
-46.9233
-46.9156
-46.9227
-46.9123
-46.9103
-46.9138
-46.9266
-46.9363
-46.9371
-46.9281
-46.9226
-46.9156
-46.9062
-46.9
-46.8876
-46.8712
-46.8588
-46.8522
-46.8347
-46.8321
-46.8348
-46.8364
-46.8349
-46.8396
-46.8267
-46.8257
-46.8308
-46.8231
-46.829
-46.8301
-46.8236
-46.8256
-46.8166
-46.8249
-46.8415
-46.8574
-46.8553
-46.8615
-46.8655
-46.8686
-46.8766
-46.8902
-46.8926
-46.9037
-46.8928
-46.8856
-46.8747
-46.8771
-46.8691
-46.8791
-46.8795
-46.8746
-46.8563
-46.8386
-46.8427
-46.8452
-46.8158
-46.8065
-46.8164
-46.8117
-46.81
-46.8177
-46.8253
-46.8288
-46.8431
-46.839
-46.838
-46.8553
-46.8683
-46.8897
-46.901
-46.9128
-46.9144
-46.9229
-46.9195
-46.9198
-46.9176
-46.9351
-46.9448
-46.9333
-46.9223
-46.9291
-46.9428
-46.9244
-46.9262
-46.9367
-46.9399
-46.9419
-46.9458
-46.9419
-46.9457
-46.939
-46.9268
-46.9215
-46.9155
-46.9141
-46.9093
-46.9151
-46.928
-46.9344
-46.9356
-46.931
-46.9233
-46.9204
-46.9313
-46.9563
-46.9701
-46.96
-46.9542
-46.9352
-46.9206
-46.9171
-46.9024
-46.8948
-46.8938
-46.8869
-46.8915
-46.8871
-46.8826
-46.8774
-46.8688
-46.8686
-46.8642
-46.8436
-46.8534
-46.8578
-46.8608
-46.8697
-46.8782
-46.8749
-46.8611
-46.852
-46.873
-46.886
-46.9046
-46.8978
-46.8903
-46.8958
-46.8928
-46.8769
-46.6572
-46.2599
-46.0378
-46.0361
-46.0368
-46.0343
-46.0412
-46.0504
-46.0592
-46.0533
-46.059
-46.0731
-46.0868
-46.0909
-46.1077
-46.1019
-46.0954
-46.0793
-46.0768
-46.0601
-46.061
-46.07
-46.0682
-46.0799
-46.0994
-46.3294
-46.7169
-46.9388
-46.9354
-46.9386
-46.944
-46.9479
-46.9449
-46.9511
-46.9439
-46.9372
-46.9282
-46.9135
-46.9107
-46.8965
-46.8955
-46.9044
-46.9189
-46.9256
-46.9438
-46.962
-46.9635
-46.9619
-46.9519
-46.9475
-46.9302
-46.9274
-46.938
-46.9479
-46.9529
-46.9543
-46.9466
-46.9388
-46.9292
-46.9219
-46.9303
-46.9395
-46.9437
-46.9484
-46.9525
-46.9623
-46.9705
-46.957
-46.9682
-46.974
-46.9737
-46.9753
-46.9737
-46.9771
-46.9825
-46.9957
-47.0027
-46.9895
-46.9903
-46.9751
-46.9832
-46.9939
-47.0077
-47.017
-47.0245
-47.0172
-47.0152
-47.004
-47.0008
-47.0135
-47.019
-47.0177
-47.0285
-47.0159
-46.9926
-46.9803
-46.9881
-47.0088
-47.0048
-46.9956
-46.9988
-47.0182
-47.036
-47.0414
-47.0472
-47.0479
-47.0516
-47.0483
-47.0482
-47.0575
-47.0684
-47.0769
-47.0875
-47.0962
-47.0966
-47.1082
-47.1209
-47.1242
-47.1305
-47.1598
-47.1763
-47.1639
-47.1498
-47.1643
-47.1809
-47.1862
-47.1775
-47.1667
-47.1665
-47.1759
-47.1838
-47.1919
-47.1909
-47.1854
-47.1888
-47.1912
-47.1822
-47.1825
-47.182
-47.1644
-47.1485
-47.1317
-47.1249
-47.1277
-47.1213
-47.1195
-47.1197
-47.1234
-47.1106
-47.1119
-47.1235
-47.1219
-47.1182
-47.1066
-47.0988
-47.0943
-47.0744
-47.0819
-47.1007
-47.0991
-47.0897
-47.1003
-47.1083
-47.1087
-47.1186
-47.1368
-47.1545
-47.1682
-47.1765
-47.1793
-47.1881
-47.2093
-47.2155
-47.2188
-47.2068
-47.189
-47.1974
-47.2166
-47.2347
-47.2483
-47.2448
-47.2588
-47.2621
-47.2562
-47.262
-47.2724
-47.2682
-47.2625
-47.2589
-47.2691
-47.2624
-47.2512
-47.2536
-47.239
-47.244
-47.2489
-47.2355
-47.2303
-47.2299
-47.2281
-47.2505
-47.2565
-47.2526
-47.2524
-47.2609
-47.2697
-47.2658
-47.2628
-47.2674
-47.2766
-47.2802
-47.2815
-47.2921
-47.2968
-47.2951
-47.2977
-47.3062
-47.2912
-47.3094
-47.3162
-47.3281
-47.3422
-47.36
-47.3804
-47.4081
-47.4035
-47.4123
-47.4257
-47.4314
-47.416
-47.416
-47.4231
-47.417
-47.4131
-47.4158
-47.4244
-47.4307
-47.4285
-47.4354
-47.4461
-47.4528
-47.4539
-47.4773
-47.479
-47.4739
-47.4582
-47.4625
-47.4575
-47.4597
-47.4678
-47.4951
-47.5034
-47.4978
-47.4989
-47.5189
-47.5253
-47.5275
-47.5317
-47.5318
-47.5192
-47.5028
-47.5015
-47.5044
-47.5136
-47.5215
-47.5275
-47.5407
-47.5341
-47.5344
-47.5323
-47.5374
-47.5243
-47.5378
-47.5394
-47.5243
-47.5005
-47.4944
-47.4964
-47.4912
-47.4801
-47.4718
-47.4681
-47.4802
-47.4924
-47.5114
-47.5119
-47.5071
-47.4991
-47.5135
-47.5114
-47.5067
-47.4854
-47.4902
-47.4856
-47.493
-47.4926
-47.509
-47.5091
-47.5134
-47.521
-47.5363
-47.5358
-47.5452
-47.5606
-47.5717
-47.5716
-47.5772
-47.5739
-47.5696
-47.5526
-47.553
-47.5592
-47.5658
-47.5605
-47.5646
-47.5647
-47.5757
-47.567
-47.5657
-47.5587
-47.5599
-47.5621
-47.5464
-47.5399
-47.5467
-47.5461
-47.5434
-47.5222
-47.4929
-47.4925
-47.5006
-47.5107
-47.5135
-47.517
-47.5225
-47.5338
-47.5462
-47.5509
-47.5341
-47.5318
-47.5464
-47.5585
-47.5569
-47.5592
-47.5626
-47.5568
-47.5467
-47.5543
-47.5583
-47.5508
-47.5374
-47.5381
-47.5493
-47.5686
-47.5726
-47.5723
-47.568
-47.5702
-47.5622
-47.5577
-47.5582
-47.5459
-47.5557
-47.57
-47.5627
-47.5467
-47.5396
-47.5432
-47.5386
-47.5403
-47.541
-47.5467
-47.5574
-47.559
-47.5639
-47.5864
-47.59
-47.5835
-47.578
-47.5797
-47.5893
-47.5915
-47.5781
-47.5793
-47.5849
-47.5879
-47.5938
-47.5848
-47.5663
-47.5649
-47.5707
-47.5717
-47.5794
-47.5865
-47.5758
-47.5766
-47.5816
-47.5725
-47.5643
-47.5478
-47.5181
-47.5096
-47.5158
-47.5222
-47.5089
-47.4873
-47.4641
-47.475
-47.4848
-47.4897
-47.4811
-47.471
-47.4718
-47.482
-47.4833
-47.4712
-47.4626
-47.4571
-47.4575
-47.4599
-47.4654
-47.4552
-47.4476
-47.4398
-47.4341
-47.4348
-47.4343
-47.4271
-47.4209
-47.4329
-47.4427
-47.4597
-47.4577
-47.4468
-47.4461
-47.444
-47.4519
-47.4597
-47.4556
-47.4455
-47.4272
-47.3603
-47.2331
-47.1197
-47.0816
-47.0797
-47.0744
-47.0738
-47.066
-47.0709
-47.0777
-47.0709
-47.0781
-47.0843
-47.0834
-47.0862
-47.0833
-47.0787
-47.0671
-47.0573
-47.0678
-47.0633
-47.0505
-47.0437
-47.0435
-47.061
-47.1295
-47.2571
-47.3619
-47.4024
-47.403
-47.4163
-47.4195
-47.4278
-47.4264
-47.4175
-47.4176
-47.4186
-47.4051
-47.3851
-47.3729
-47.3629
-47.3547
-47.3678
-47.375
-47.356
-47.3391
-47.3249
-47.3356
-47.3267
-47.3294
-47.3291
-47.3053
-47.2966
-47.2958
-47.2957
-47.284
-47.2799
-47.2869
-47.2881
-47.2893
-47.2863
-47.276
-47.285
-47.3015
-47.2986
-47.292
-47.2835
-47.275
-47.2766
-47.2902
-47.3153
-47.3258
-47.3144
-47.3322
-47.327
-47.3255
-47.3441
-47.3553
-47.3478
-47.3611
-47.3619
-47.3503
-47.3305
-47.315
-47.3025
-47.2901
-47.3004
-47.3095
-47.3008
-47.3104
-47.3102
-47.3151
-47.3176
-47.303
-47.2885
-47.2753
-47.2591
-47.2517
-47.2505
-47.2525
-47.2375
-47.2285
-47.2205
-47.2139
-47.1842
-47.1667
-47.1564
-47.1661
-47.1754
-47.1856
-47.199
-47.1829
-47.1683
-47.1512
-47.1454
-47.1522
-47.1556
-47.1599
-47.1706
-47.1726
-47.1629
-47.1739
-47.1828
-47.1644
-47.1575
-47.1575
-47.1449
-47.1344
-47.1437
-47.1628
-47.1706
-47.171
-47.1707
-47.1763
-47.164
-47.1564
-47.155
-47.15
-47.1524
-47.1384
-47.1307
-47.1226
-47.1123
-47.0957
-47.0902
-47.0941
-47.0903
-47.0739
-47.0755
-47.0742
-47.0885
-47.1099
-47.1195
-47.1045
-47.0789
-47.075
-47.0758
-47.0655
-47.05
-47.055
-47.055
-47.058
-47.0655
-47.0716
-47.0842
-47.0963
-47.0986
-47.0894
-47.084
-47.091
-47.0986
-47.0984
-47.1039
-47.1005
-47.0879
-47.0742
-47.0633
-47.0511
-47.0504
-47.0488
-47.0508
-47.0552
-47.0564
-47.0644
-47.0567
-47.0563
-47.0605
-47.0498
-47.0517
-47.054
-47.0491
-47.0628
-47.0736
-47.0797
-47.0806
-47.0684
-47.0602
-47.0551
-47.0666
-47.0845
-47.0828
-47.0649
-47.0666
-47.0859
-47.0963
-47.0938
-47.1009
-47.0985
-47.0884
-47.0794
-47.0845
-47.0734
-47.0721
-47.0523
-47.0267
-47.016
-47.0027
-46.9985
-47.0047
-46.9983
-46.9902
-46.9927
-47.0009
-46.9997
-46.9939
-46.9989
-47.0106
-47.0172
-47.024
-47.0266
-47.028
-47.034
-47.0424
-47.0416
-47.0567
-47.0461
-47.0357
-47.0389
-47.0603
-47.0682
-47.0666
-47.0624
-47.0546
-47.0358
-47.0236
-47.0177
-47.0098
-46.9958
-46.9667
-46.9382
-46.9068
-46.8528
-46.7813
-46.7095
-46.6744
-46.6569
-46.6313
-46.6169
-46.6162
-46.6271
-46.6446
-46.6616
-46.6524
-46.6382
-46.6502
-46.6529
-46.6475
-46.6585
-46.6725
-46.6824
-46.7023
-46.7187
-46.7279
-46.7549
-46.7859
-46.814
-46.8796
-46.9568
-47.0093
-47.0326
-47.0483
-47.0587
-47.0709
-47.0911
-47.0941
-47.0748
-47.0586
-47.0632
-47.0904
-47.0969
-47.0995
-47.1236
-47.1264
-47.1299
-47.1344
-47.1388
-47.1331
-47.1522
-47.1633
-47.162
-47.1701
-47.1721
-47.1791
-47.1903
-47.2131
-47.2365
-47.2527
-47.2643
-47.2604
-47.2506
-47.2686
-47.2917
-47.2953
-47.2847
-47.2891
-47.2862
-47.2753
-47.2776
-47.2846
-47.2916
-47.2903
-47.2946
-47.2995
-47.3024
-47.31
-47.3087
-47.3025
-47.2886
-47.2891
-47.2901
-47.2766
-47.2719
-47.2698
-47.2686
-47.2752
-47.2701
-47.2728
-47.2723
-47.262
-47.2511
-47.2626
-47.273
-47.2769
-47.2838
-47.2938
-47.2924
-47.3123
-47.3158
-47.319
-47.326
-47.3327
-47.3445
-47.3771
-47.39
-47.3871
-47.399
-47.4087
-47.4051
-47.4073
-47.2257
-46.8954
-46.7294
-46.7393
-46.7574
-46.7779
-46.7915
-46.7866
-46.7901
-46.7991
-46.806
-46.8197
-46.807
-46.7972
-46.7994
-46.8192
-46.8484
-46.8549
-46.8376
-46.8262
-46.8341
-46.8365
-46.8584
-46.8808
-46.9034
-47.1064
-47.4536
-47.635
-47.652
-47.6576
-47.6601
-47.657
-47.6717
-47.6856
-47.69
-47.6863
-47.6912
-47.7119
-47.7236
-47.7269
-47.7141
-47.7015
-47.7097
-47.7255
-47.745
-47.7598
-47.7803
-47.7758
-47.7905
-47.792
-47.7841
-47.7896
-47.8044
-47.8164
-47.8288
-47.8403
-47.8553
-47.8719
-47.8745
-47.8662
-47.8742
-47.8767
-47.8822
-47.8942
-47.9025
-47.9195
-47.9309
-47.9305
-47.9344
-47.948
-47.9592
-47.9566
-47.9665
-47.9742
-47.9859
-47.9967
-48.0022
-48.0004
-48.0007
-48.0063
-48.0119
-48.0234
-48.0218
-48.0267
-48.0441
-48.0617
-48.0823
-48.0988
-48.102
-48.1013
-48.1043
-48.103
-48.1104
-48.1286
-48.1286
-48.1249
-48.1257
-48.1318
-48.1213
-48.1196
-48.1298
-48.1473
-48.1485
-48.1343
-48.1337
-48.1376
-48.1415
-48.1416
-48.1577
-48.1769
-48.1856
-48.2022
-48.2029
-48.2048
-48.2203
-48.2318
-48.2407
-48.2437
-48.2319
-48.227
-48.2347
-48.2517
-48.254
-48.2641
-48.2693
-48.258
-48.2639
-48.2731
-48.2921
-48.3195
-48.3217
-48.3242
-48.3505
-48.3616
-48.3649
-48.3601
-48.3441
-48.3415
-48.3504
-48.3551
-48.3604
-48.3655
-48.3755
-48.3812
-48.4055
-48.4283
-48.4353
-48.4381
-48.4469
-48.4541
-48.4693
-48.4621
-48.4575
-48.4619
-48.4486
-48.4551
-48.4521
-48.4406
-48.4233
-48.4165
-48.4206
-48.4315
-48.4393
-48.4316
-48.4265
-48.423
-48.4215
-48.4316
-48.4357
-48.4133
-48.3871
-48.3779
-48.3771
-48.3724
-48.3808
-48.3892
-48.3888
-48.3883
-48.3934
-48.3961
-48.406
-48.4091
-48.3951
-48.4004
-48.3972
-48.3888
-48.3758
-48.3861
-46.4577
-44.5248
-42.585
-40.6531
-38.7105
-36.7762
-34.8508
-32.9181
-30.9805
-29.0444
-27.105
-25.1594
-23.2195
-21.2867
-19.358
-17.4208
-15.4804
-13.5332
-11.5991
-9.67736
-7.74323
-5.80799
-3.87929
-1.95072
0
