-0.24068
-0.481921
-0.722775
-0.963524
-1.20374
-1.4441
-1.6853
-1.92619
-2.16539
-2.40507
-2.64521
-2.88569
-3.12602
-3.36612
-3.60534
-3.84428
-4.08468
-4.32508
-4.56455
-4.80488
-5.04559
-5.28438
-5.5228
-5.76253
-6.00219
-6.24146
-6.48025
-6.71926
-6.95977
-7.19958
-7.43789
-7.67672
-7.91558
-8.15566
-8.39537
-8.63425
-8.87365
-9.11408
-9.35405
-9.59179
-9.82975
-10.0684
-10.3056
-10.5437
-10.7827
-11.0225
-11.2611
-11.4988
-11.737
-11.9751
-12.2125
-12.4492
-12.6868
-12.9251
-13.1633
-13.4021
-13.6408
-13.8785
-14.1149
-14.3509
-14.5857
-14.8226
-15.0596
-15.2963
-15.5339
-15.7713
-16.0079
-16.2443
-16.4807
-16.7167
-16.954
-17.1921
-17.4307
-17.6661
-17.9015
-18.1366
-18.3714
-18.6065
-18.8429
-19.079
-19.3149
-19.5508
-19.7879
-20.0254
-20.2613
-20.498
-20.7341
-20.9702
-21.2051
-21.4417
-21.6788
-21.914
-22.15
-22.386
-22.621
-22.8568
-23.0918
-23.3275
-23.5626
-23.7974
-24.0324
-24.2676
-24.5032
-24.739
-24.9738
-25.2086
-25.4432
-25.678
-25.9112
-26.1465
-26.382
-26.617
-26.8513
-27.0845
-27.3167
-27.551
-27.7855
-28.0197
-28.2537
-28.4892
-28.7239
-28.9586
-29.1945
-29.4302
-29.6628
-29.8807
-30.09
-30.3159
-30.5487
-30.7823
-31.016
-31.2503
-31.4842
-31.7173
-31.9502
-32.1831
-32.4181
-32.6525
-32.8864
-33.1188
-33.3521
-33.5863
-33.8207
-34.0533
-34.286
-34.5187
-34.7508
-34.9822
-35.2162
-35.4489
-35.6816
-35.9154
-36.1504
-36.3839
-36.617
-36.8502
-37.0845
-37.3169
-37.5495
-37.7828
-38.016
-38.2482
-38.4819
-38.7144
-38.9468
-39.1802
-39.4121
-39.6453
-39.8786
-40.1117
-40.3434
-40.5775
-40.8115
-41.0449
-41.2802
-41.5139
-41.7467
-41.9796
-42.2115
-42.4439
-42.6757
-42.9092
-43.1418
-43.3729
-43.6044
-43.837
-44.0694
-44.302
-44.5347
-44.7681
-45
-45.2325
-45.4654
-45.6989
-45.9319
-46.1645
-46.3967
-46.6278
-46.8596
-47.0918
-47.0809
-47.0708
-47.0621
-47.0545
-47.0466
-47.0381
-47.0294
-47.0209
-47.0144
-47.007
-46.9989
-46.9908
-46.9824
-46.9744
-46.9684
-46.961
-46.9519
-46.9436
-46.9352
-46.9265
-46.9173
-46.9122
-46.9076
-46.9012
-46.8936
-46.8859
-46.8794
-46.8713
-46.8621
-46.853
-46.8452
-46.8388
-46.8322
-46.8248
-46.8163
-46.8097
-46.8027
-46.7945
-46.7848
-46.7777
-46.7715
-46.7655
-46.761
-46.7554
-46.7482
-46.7393
-46.7322
-46.7249
-46.7181
-46.7116
-46.7054
-46.6994
-46.6934
-46.6866
-46.6803
-46.6732
-46.6653
-46.6579
-46.6542
-46.6508
-46.6482
-46.6433
-46.6387
-46.6333
-46.6268
-46.6196
-46.6147
-46.6102
-46.6061
-46.6027
-46.5979
-46.5925
-46.5874
-46.5851
-46.5818
-46.5802
-46.5778
-46.5737
-46.569
-46.5648
-46.5608
-46.5587
-46.5551
-46.551
-46.5472
-46.5431
-46.5403
-46.5364
-46.5342
-46.5288
-46.5216
-46.5169
-46.5113
-46.5073
-46.5045
-46.5009
-46.4976
-46.4926
-46.4882
-46.4853
-46.4843
-46.4798
-46.4758
-46.4734
-46.4716
-46.469
-46.4653
-46.4621
-46.4613
-46.4588
-46.4568
-46.4532
-46.4495
-46.4485
-46.4491
-46.447
-46.4433
-46.4384
-46.4357
-46.4317
-46.4294
-46.427
-46.4227
-46.4196
-46.42
-46.4347
-46.4557
-46.4625
-46.4623
-46.4604
-46.4587
-46.4554
-46.453
-46.453
-46.4535
-46.4533
-46.4502
-46.448
-46.4463
-46.4474
-46.4465
-46.4443
-46.4423
-46.4439
-46.4443
-46.4429
-46.4434
-46.4456
-46.444
-46.4429
-46.4424
-46.4411
-46.44
-46.4393
-46.4379
-46.4371
-46.4354
-46.4362
-46.4374
-46.437
-46.4353
-46.4338
-46.4316
-46.4305
-46.4298
-46.4295
-46.4304
-46.4301
-46.4292
-46.4279
-46.4291
-46.4271
-46.4243
-46.4222
-46.4198
-46.4198
-46.421
-46.4209
-46.4212
-46.4216
-46.4234
-46.4227
-46.4224
-46.424
-46.4268
-46.4284
-46.4301
-46.43
-46.4295
-46.4291
-46.4305
-46.43
-46.4296
-46.4312
-46.4314
-46.4309
-46.4318
-46.4345
-46.4361
-46.4378
-46.4426
-46.4461
-46.4471
-46.4476
-46.4497
-46.4517
-46.452
-46.4535
-46.4545
-46.4557
-46.4564
-46.4581
-46.4605
-46.4613
-46.4612
-46.4635
-46.4644
-46.4664
-46.4695
-46.4708
-46.4726
-46.4721
-46.4715
-46.4713
-46.4716
-46.4737
-46.4752
-46.4776
-46.4787
-46.4817
-46.4841
-46.4852
-46.4876
-46.488
-46.4903
-46.4935
-46.4966
-46.4996
-46.5041
-46.5077
-46.5093
-46.5093
-46.5099
-46.5106
-46.5126
-46.5168
-46.5199
-46.5232
-46.5267
-46.5306
-46.534
-46.5387
-46.5422
-46.5437
-46.5445
-46.5463
-46.5507
-46.5546
-46.5552
-46.5567
-46.559
-46.5604
-46.5608
-46.564
-46.5672
-46.5715
-46.5743
-46.5758
-46.5764
-46.5774
-46.5784
-46.579
-46.5788
-46.5795
-46.5817
-46.5819
-46.5834
-46.5868
-46.5882
-46.5915
-46.5954
-46.5959
-46.5974
-46.5992
-46.6023
-46.6036
-46.6049
-46.6067
-46.6075
-46.6112
-46.6169
-46.6206
-46.6248
-46.6274
-46.6305
-46.6327
-46.6352
-46.6395
-46.6431
-46.6451
-46.6464
-46.65
-46.6538
-46.6558
-46.6584
-46.6604
-46.6636
-46.6665
-46.6685
-46.6694
-46.6696
-46.6707
-46.675
-46.678
-46.6793
-46.6819
-46.6878
-46.6955
-46.6991
-46.7016
-46.7046
-46.7066
-46.71
-46.7136
-46.7154
-46.715
-46.7186
-46.7218
-46.7256
-46.7297
-46.7331
-46.7376
-46.742
-46.7456
-46.7481
-46.7502
-46.7527
-46.7544
-46.7563
-46.7571
-46.7601
-46.7641
-46.7682
-46.7704
-46.7729
-46.7753
-46.7765
-46.7777
-46.7808
-46.7854
-46.7883
-46.7898
-46.7923
-46.7953
-46.7979
-46.8012
-46.8039
-46.8054
-46.8062
-46.8081
-46.8121
-46.8166
-46.8208
-46.8237
-46.8257
-46.8283
-46.8306
-46.8315
-46.8335
-46.8367
-46.8385
-46.8401
-46.8436
-46.8492
-46.8519
-46.854
-46.8563
-46.8599
-46.862
-46.8643
-46.8663
-46.8685
-46.873
-46.8748
-46.8749
-46.8749
-46.8753
-46.877
-46.8809
-46.8829
-46.8848
-46.8866
-46.888
-46.8895
-46.8914
-46.8935
-46.8957
-46.8969
-46.8985
-46.8999
-46.9013
-46.9028
-46.9059
-46.9071
-46.9071
-46.91
-46.9141
-46.9152
-46.9142
-46.9154
-46.9188
-46.9206
-46.9207
-46.9228
-46.9252
-46.9267
-46.9295
-46.9307
-46.9308
-46.9323
-46.9327
-46.934
-46.9362
-46.9397
-46.9433
-46.9447
-46.9461
-46.9494
-46.9519
-46.9517
-46.9528
-46.9558
-46.9555
-46.9566
-46.959
-46.9588
-46.9587
-46.9594
-46.9595
-46.9603
-46.9631
-46.966
-46.9682
-46.9693
-46.9706
-46.9701
-46.9706
-46.9712
-46.9712
-46.9717
-46.9727
-46.9725
-46.9731
-46.9743
-46.9774
-46.9796
-46.9788
-46.9795
-46.9829
-46.9851
-46.9863
-46.9892
-46.9908
-46.9912
-46.9933
-46.9951
-46.996
-46.9977
-46.9995
-47.0014
-47.0038
-47.0055
-47.0063
-47.0082
-47.0092
-47.0105
-47.0125
-47.0131
-47.0131
-47.0116
-47.0097
-47.0098
-47.0089
-47.0074
-47.0059
-47.0067
-47.0086
-47.0107
-47.0115
-47.0115
-47.0112
-47.0114
-47.0105
-47.0115
-47.0111
-47.0106
-47.0106
-47.0111
-47.012
-47.0132
-47.0128
-47.0137
-47.0137
-47.0138
-47.0143
-47.0157
-47.0174
-47.0185
-47.0197
-47.0221
-47.0238
-47.0251
-47.023
-47.0215
-47.0224
-47.0233
-47.0223
-47.0192
-47.0187
-47.0193
-47.0182
-47.0176
-47.017
-47.0151
-47.0145
-47.017
-47.0194
-47.0199
-47.0191
-47.0172
-47.0152
-47.015
-47.0142
-47.0126
-47.0122
-47.0125
-47.0133
-47.0149
-47.0147
-47.0147
-47.0137
-47.0119
-47.0092
-47.0077
-47.0054
-47.0061
-47.0076
-47.0079
-47.0073
-47.0067
-47.0067
-47.0075
-47.0061
-47.0052
-47.0056
-47.0043
-47.0032
-47.0024
-47.0023
-47.0015
-47.0003
-47.001
-46.9994
-46.9988
-46.9999
-47.0003
-47.0006
-47.0007
-47
-46.9975
-46.9966
-46.9968
-46.9966
-46.9929
-46.9908
-46.9886
-46.9863
-46.9827
-46.983
-46.9829
-46.9819
-46.9808
-46.9786
-46.9771
-46.9765
-46.9772
-46.9776
-46.9783
-46.9761
-46.975
-46.9762
-46.9768
-46.9777
-46.9769
-46.9763
-46.9755
-46.975
-46.9749
-46.9736
-46.9729
-46.9721
-46.9702
-46.9682
-46.9666
-46.9662
-46.9627
-46.9601
-46.9586
-46.96
-46.9594
-46.9575
-46.9543
-46.9524
-46.9518
-46.9505
-46.9479
-46.9461
-46.947
-46.9478
-46.9478
-46.9485
-46.9497
-46.9495
-46.9484
-46.9465
-46.9465
-46.9478
-46.947
-46.948
-46.9499
-46.9507
-46.9487
-46.9489
-46.9484
-46.9465
-46.9453
-46.9447
-46.9427
-46.9406
-46.9386
-46.9359
-46.9352
-46.9335
-46.9347
-46.9352
-46.9354
-46.9363
-46.9377
-46.9378
-46.9364
-46.935
-46.9348
-46.9342
-46.9352
-46.9347
-46.9331
-46.934
-46.9351
-46.9332
-46.931
-46.9287
-46.9261
-46.9253
-46.9246
-46.9244
-46.9233
-46.9215
-46.9195
-46.9179
-46.9162
-46.9145
-46.9138
-46.9145
-46.9137
-46.912
-46.9119
-46.9103
-46.9099
-46.9114
-46.9119
-46.9121
-46.9124
-46.9119
-46.914
-46.9148
-46.9142
-46.9124
-46.911
-46.9106
-46.91
-46.9088
-46.9106
-46.9116
-46.9114
-46.9096
-46.909
-46.9096
-46.9086
-46.9063
-46.8774
-46.8278
-46.7991
-46.7982
-46.7971
-46.7949
-46.7943
-46.7944
-46.7935
-46.793
-46.7922
-46.7925
-46.7953
-46.7976
-46.7999
-46.7985
-46.796
-46.7946
-46.7951
-46.7939
-46.7924
-46.7928
-46.7936
-46.7951
-46.7962
-46.7969
-46.7958
-46.794
-46.7914
-46.7909
-46.7915
-46.7936
-46.7937
-46.7941
-46.7931
-46.7922
-46.7915
-46.7913
-46.7906
-46.7908
-46.79
-46.7899
-46.7917
-46.7932
-46.7939
-46.796
-46.7962
-46.7954
-46.7949
-46.7949
-46.792
-46.7902
-46.7911
-46.7913
-46.792
-46.7921
-46.7922
-46.7925
-46.7928
-46.7915
-46.7931
-46.7945
-46.7939
-46.7951
-46.7961
-46.796
-46.7954
-46.7943
-46.7971
-46.7997
-46.8024
-46.8036
-46.8039
-46.8046
-46.8067
-46.8076
-46.8082
-46.8082
-46.8107
-46.8099
-46.8107
-46.8119
-46.8141
-46.815
-46.8162
-46.817
-46.8175
-46.8165
-46.8166
-46.8191
-46.8205
-46.8194
-46.8207
-46.8209
-46.8185
-46.8177
-46.8202
-46.8223
-46.822
-46.8226
-46.8229
-46.8242
-46.8262
-46.8279
-46.8292
-46.8309
-46.834
-46.8355
-46.8374
-46.8385
-46.8407
-46.8428
-46.8454
-46.8488
-46.8508
-46.8533
-46.8575
-46.8605
-46.8602
-46.862
-46.8635
-46.8635
-46.8628
-46.8639
-46.8648
-46.8663
-46.8667
-46.8651
-46.8652
-46.8649
-46.8663
-46.8689
-46.87
-46.8702
-46.8722
-46.8746
-46.8758
-46.8764
-46.8784
-46.8797
-46.8816
-46.8828
-46.8832
-46.8856
-46.8864
-46.8864
-46.886
-46.8855
-46.8845
-46.8861
-46.8885
-46.8895
-46.889
-46.8883
-46.8878
-46.8888
-46.8895
-46.8909
-46.8918
-46.8928
-46.8938
-46.897
-46.8995
-46.902
-46.9031
-46.9041
-46.9059
-46.9092
-46.9134
-46.9169
-46.9198
-46.9225
-46.9246
-46.925
-46.9252
-46.9262
-46.9278
-46.9302
-46.9323
-46.9342
-46.9358
-46.9383
-46.9406
-46.9434
-46.9439
-46.9457
-46.9479
-46.9486
-46.9496
-46.9523
-46.9543
-46.9558
-46.9568
-46.9575
-46.9594
-46.9637
-46.9657
-46.9665
-46.9672
-46.9691
-47.0004
-47.0523
-47.0821
-47.0844
-47.0872
-47.0902
-47.0914
-47.0922
-47.0944
-47.0968
-47.0983
-47.099
-47.0993
-47.1003
-47.1008
-47.1038
-47.1071
-47.1083
-47.1116
-47.1164
-47.1221
-47.1247
-47.1279
-47.1297
-47.1327
-47.1347
-47.1393
-47.1429
-47.1464
-47.1469
-47.1492
-47.1508
-47.1512
-47.1521
-47.1558
-47.1592
-47.1618
-47.1636
-47.1659
-47.1695
-47.1735
-47.1758
-47.1781
-47.1807
-47.1826
-47.1841
-47.1871
-47.1899
-47.1932
-47.1977
-47.2053
-47.2112
-47.2129
-47.2153
-47.2176
-47.2206
-47.2234
-47.2253
-47.2275
-47.2304
-47.2308
-47.232
-47.2337
-47.2365
-47.2406
-47.2441
-47.2471
-47.2502
-47.2515
-47.2524
-47.2546
-47.2557
-47.2604
-47.2635
-47.2654
-47.2684
-47.2727
-47.2762
-47.2779
-47.2808
-47.2817
-47.2826
-47.2843
-47.2869
-47.2913
-47.2926
-47.2935
-47.2956
-47.3006
-47.3028
-47.3051
-47.3055
-47.308
-47.3102
-47.315
-47.3186
-47.3208
-47.3229
-47.3271
-47.3311
-47.3356
-47.3374
-47.3399
-47.3428
-47.3463
-47.3472
-47.3484
-47.3501
-47.3521
-47.3532
-47.3532
-47.3538
-47.3554
-47.3587
-47.3613
-47.3621
-47.3624
-47.3633
-47.3646
-47.3648
-47.3666
-47.3706
-47.3725
-47.374
-47.3768
-47.3806
-47.3831
-47.3843
-47.3836
-47.3859
-47.3867
-47.3882
-47.3904
-47.3935
-47.3949
-47.396
-47.3993
-47.4015
-47.4027
-47.4073
-47.4119
-47.4158
-47.4173
-47.4186
-47.42
-47.4212
-47.4239
-47.4263
-47.43
-47.4317
-47.4323
-47.4352
-47.4382
-47.4414
-47.4452
-47.4465
-47.4499
-47.4514
-47.4512
-47.4522
-47.4546
-47.4551
-47.4574
-47.4603
-47.4628
-47.4631
-47.4639
-47.4642
-47.4639
-47.4651
-47.4654
-47.4661
-47.4691
-47.4725
-47.4764
-47.482
-47.4842
-47.4841
-47.4843
-47.4866
-47.4896
-47.4915
-47.491
-47.4916
-47.4926
-47.494
-47.4957
-47.4977
-47.4988
-47.4998
-47.5017
-47.504
-47.5049
-47.5073
-47.5066
-47.5063
-47.5094
-47.5119
-47.5143
-47.5163
-47.5154
-47.5159
-47.517
-47.518
-47.5176
-47.5168
-47.5163
-47.5175
-47.5188
-47.5192
-47.5191
-47.5194
-47.5201
-47.5219
-47.5233
-47.5233
-47.5235
-47.5257
-47.5258
-47.5246
-47.5235
-47.5235
-47.5228
-47.5217
-47.5196
-47.5193
-47.5186
-47.5172
-47.5167
-47.5197
-47.5201
-47.5209
-47.5225
-47.523
-47.523
-47.5216
-47.5221
-47.524
-47.5245
-47.5232
-47.5201
-47.5118
-47.4951
-47.4809
-47.4755
-47.4762
-47.475
-47.4749
-47.4725
-47.4699
-47.4672
-47.4646
-47.4647
-47.4648
-47.4652
-47.4652
-47.4653
-47.4659
-47.4649
-47.4653
-47.4672
-47.4673
-47.4673
-47.4657
-47.4635
-47.4618
-47.4604
-47.4605
-47.4593
-47.4593
-47.4594
-47.4615
-47.4601
-47.4586
-47.4577
-47.4568
-47.455
-47.455
-47.4541
-47.4534
-47.4529
-47.4522
-47.4502
-47.4493
-47.4482
-47.4477
-47.4463
-47.4455
-47.4435
-47.4404
-47.4397
-47.4409
-47.4374
-47.4357
-47.4346
-47.4348
-47.4334
-47.4314
-47.4302
-47.4286
-47.4259
-47.4238
-47.4213
-47.4196
-47.4196
-47.4187
-47.4165
-47.4139
-47.4125
-47.4137
-47.4149
-47.4158
-47.4155
-47.4127
-47.4113
-47.41
-47.4096
-47.4095
-47.4094
-47.4083
-47.4099
-47.4084
-47.4069
-47.4041
-47.3996
-47.3955
-47.3921
-47.3936
-47.3967
-47.3956
-47.395
-47.3915
-47.3891
-47.3876
-47.3863
-47.3842
-47.3819
-47.379
-47.3774
-47.3761
-47.3732
-47.3694
-47.3685
-47.3671
-47.3647
-47.3633
-47.3608
-47.3572
-47.355
-47.3527
-47.3515
-47.3497
-47.3478
-47.3467
-47.3429
-47.3416
-47.3395
-47.3373
-47.3373
-47.3379
-47.336
-47.3341
-47.3313
-47.329
-47.3264
-47.3246
-47.3217
-47.3187
-47.3166
-47.3151
-47.3161
-47.3138
-47.3089
-47.3065
-47.3043
-47.2987
-47.2955
-47.2942
-47.2932
-47.2895
-47.2852
-47.2819
-47.2803
-47.2789
-47.2767
-47.2738
-47.2716
-47.2695
-47.2675
-47.2652
-47.2625
-47.2613
-47.26
-47.2582
-47.2562
-47.2539
-47.2505
-47.2468
-47.2441
-47.242
-47.2408
-47.2387
-47.237
-47.2361
-47.2349
-47.2348
-47.2359
-47.2333
-47.2295
-47.226
-47.225
-47.2251
-47.2228
-47.2202
-47.2173
-47.2146
-47.2127
-47.2108
-47.2074
-47.205
-47.2018
-47.2
-47.1977
-47.1962
-47.1958
-47.1935
-47.1914
-47.1912
-47.1897
-47.1872
-47.1862
-47.1846
-47.1839
-47.1828
-47.1802
-47.1796
-47.1771
-47.1729
-47.1701
-47.17
-47.1717
-47.1781
-47.1897
-47.2008
-47.2055
-47.2038
-47.2024
-47.2011
-47.2003
-47.198
-47.1938
-47.1931
-47.1906
-47.1881
-47.1833
-47.1788
-47.1762
-47.1744
-47.1742
-47.1736
-47.1709
-47.168
-47.1656
-47.1648
-47.1645
-47.1633
-47.1617
-47.1589
-47.1577
-47.1582
-47.1568
-47.1538
-47.1529
-47.1521
-47.1499
-47.1487
-47.1467
-47.1427
-47.1424
-47.1427
-47.1407
-47.1391
-47.1379
-47.1351
-47.1312
-47.1294
-47.1278
-47.1263
-47.1223
-47.1195
-47.1145
-47.1089
-47.1023
-47.0933
-47.0849
-47.0791
-47.0754
-47.0718
-47.0683
-47.0659
-47.0659
-47.0665
-47.0659
-47.0633
-47.0598
-47.0597
-47.0592
-47.0584
-47.058
-47.0557
-47.0534
-47.0512
-47.0504
-47.049
-47.0473
-47.0468
-47.045
-47.0443
-47.0434
-47.0426
-47.0381
-47.0362
-47.0354
-47.0359
-47.0379
-47.0398
-47.0396
-47.0357
-47.0325
-47.0335
-47.033
-47.0329
-47.0345
-47.0341
-47.0341
-47.0341
-47.0341
-47.0346
-47.0366
-47.0364
-47.0355
-47.0366
-47.0372
-47.0383
-47.0397
-47.0417
-47.045
-47.0475
-47.0482
-47.0486
-47.048
-47.0483
-47.0493
-47.0484
-47.0502
-47.051
-47.0497
-47.0495
-47.0489
-47.0484
-47.049
-47.0501
-47.0497
-47.0512
-47.0537
-47.0546
-47.0555
-47.057
-47.0576
-47.0579
-47.0576
-47.0582
-47.0601
-47.0606
-47.0601
-47.0619
-47.0625
-47.0641
-47.0637
-47.0639
-47.0651
-47.0662
-47.0683
-47.0695
-47.0719
-47.0745
-47.0749
-47.0775
-47.0814
-47.0841
-47.0861
-47.0861
-47.0863
-47.0897
-47.0936
-47.0961
-47.0987
-47.1017
-47.103
-47.1048
-47.0832
-47.0426
-47.023
-47.0229
-47.0247
-47.0268
-47.0281
-47.0293
-47.032
-47.0363
-47.0388
-47.04
-47.0411
-47.0431
-47.0465
-47.0525
-47.0578
-47.0602
-47.063
-47.0655
-47.0693
-47.0719
-47.0771
-47.0811
-47.0846
-47.0894
-47.0922
-47.0948
-47.0982
-47.1004
-47.1025
-47.104
-47.1053
-47.1085
-47.1125
-47.1145
-47.1178
-47.1225
-47.1266
-47.129
-47.1312
-47.1351
-47.1408
-47.1454
-47.1479
-47.1522
-47.1577
-47.1614
-47.1676
-47.1726
-47.1775
-47.1803
-47.1861
-47.1912
-47.1974
-47.2042
-47.209
-47.214
-47.218
-47.2202
-47.224
-47.2286
-47.2337
-47.2383
-47.2419
-47.2469
-47.2516
-47.2558
-47.26
-47.2634
-47.2688
-47.2738
-47.278
-47.2841
-47.2906
-47.295
-47.2999
-47.3067
-47.3115
-47.3157
-47.3222
-47.3286
-47.334
-47.3396
-47.3463
-47.3538
-47.3617
-47.3698
-47.3766
-47.3837
-47.3926
-47.4012
-47.413
-47.4285
-47.4408
-47.4501
-47.4574
-47.4656
-47.4721
-47.4785
-47.4828
-47.2459
-47.0102
-46.7757
-46.5412
-46.3056
-46.0707
-45.8366
-45.601
-45.3657
-45.1308
-44.895
-44.6592
-44.4241
-44.1882
-43.9524
-43.7175
-43.4812
-43.245
-43.0097
-42.7751
-42.5401
-42.3054
-42.0698
-41.8331
-41.5961
-41.3616
-41.1279
-40.8928
-40.6549
-40.4185
-40.1833
-39.9462
-39.7102
-39.4744
-39.239
-39.0026
-38.7676
-38.5301
-38.2928
-38.0572
-37.8212
-37.5847
-37.3476
-37.1109
-36.8734
-36.6355
-36.3988
-36.1617
-35.9255
-35.6897
-35.453
-35.2164
-34.9809
-34.7443
-34.5073
-34.2725
-34.0368
-33.8005
-33.5638
-33.3275
-33.0913
-32.8558
-32.6177
-32.38
-32.1434
-31.9076
-31.6719
-31.4365
-31.1998
-30.9622
-30.7259
-30.4898
-30.253
-30.017
-29.7803
-29.5442
-29.3073
-29.0719
-28.8366
-28.601
-28.3646
-28.1276
-27.8909
-27.6534
-27.4158
-27.1798
-26.9417
-26.7032
-26.4651
-26.2277
-25.9911
-25.7539
-25.5144
-25.2761
-25.0388
-24.8011
-24.5637
-24.3274
-24.0911
-23.8771
-23.6823
-23.4661
-23.2295
-22.9919
-22.7537
-22.5157
-22.2793
-22.0421
-21.8035
-21.565
-21.3273
-21.0908
-20.8535
-20.6152
-20.3753
-20.135
-19.897
-19.6597
-19.4228
-19.1845
-18.9465
-18.7064
-18.4673
-18.2281
-17.9888
-17.7506
-17.5118
-17.2729
-17.0347
-16.7962
-16.5586
-16.3204
-16.0814
-15.8422
-15.6042
-15.3659
-15.1268
-14.8881
-14.6493
-14.411
-14.1723
-13.9333
-13.694
-13.4546
-13.2145
-12.974
-12.7345
-12.4935
-12.2541
-12.0158
-11.7769
-11.5362
-11.2959
-11.0561
-10.8162
-10.5767
-10.3364
-10.0971
-9.85894
-9.61998
-9.38132
-9.14156
-8.90129
-8.66149
-8.42106
-8.18096
-7.94196
-7.70219
-7.46114
-7.21963
-6.97938
-6.73866
-6.49669
-6.25589
-6.01622
-5.7766
-5.53615
-5.2958
-5.05528
-4.81468
-4.57374
-4.33363
-4.09377
-3.85343
-3.61227
-3.37103
-3.12921
-2.88854
-2.64883
-2.40802
-2.16808
-1.92816
-1.68611
-1.44507
-1.20401
-0.963667
-0.722187
-0.481532
-0.240932
0
