-1.26738
-2.5388
-3.79966
-5.07138
-6.33112
-7.57179
-8.83569
-10.1263
-11.4545
-12.791
-14.1185
-15.4353
-16.7425
-18.0601
-19.3964
-20.7378
-22.0796
-23.4227
-24.769
-26.1237
-27.467
-28.8237
-30.1828
-31.5295
-32.8713
-32.7602
-32.6603
-32.59
-32.4899
-32.3778
-32.279
-32.1555
-31.9875
-31.7532
-31.4909
-31.1084
-30.7011
-30.447
-30.2411
-30.0085
-29.7711
-29.5356
-29.2998
-29.0566
-28.8074
-28.5668
-28.3378
-28.0953
-27.7386
-27.3614
-27.1386
-26.9739
-26.7115
-26.037
-24.8662
-23.5569
-22.4617
-21.8219
-21.5641
-21.4387
-21.4607
-21.5989
-21.6105
-21.5628
-21.4465
-21.2027
-20.9879
-20.8422
-20.7163
-20.6089
-20.5288
-20.4468
-20.4042
-20.5193
-20.6664
-20.6875
-20.7801
-21.0305
-21.6556
-22.6551
-23.7287
-24.5519
-24.857
-24.6345
-23.931
-23.0638
-22.3789
-22.0657
-21.8526
-21.6819
-21.5981
-21.5038
-21.3506
-21.2016
-21.0527
-20.9091
-20.6945
-20.4307
-20.2458
-20.1134
-19.9912
-19.8695
-19.7237
-19.5395
-19.3399
-19.1474
-18.9581
-18.819
-18.8453
-19.2216
-19.7231
-20.0163
-19.9431
-19.7278
-19.3204
-18.8256
-18.487
-18.2446
-18.0186
-17.8159
-17.6528
-17.6303
-17.6659
-17.5926
-17.4201
-17.2491
-17.1401
-17.0527
-16.9169
-16.6731
-16.4118
-16.1424
-15.8311
-15.4508
-15.0176
-14.4925
-13.8805
-13.1936
-12.2988
-11.1254
-9.88893
-8.69736
-7.83331
-7.10431
-6.45623
-5.91383
-5.43342
-5.00348
-4.53269
-3.41284
-2.05016
-0.792473
-0.0545635
0.15835
0.314745
0.45717
0.608191
0.798342
0.979446
1.1433
1.29822
1.46677
1.6496
1.8646
2.18571
2.55152
2.94436
3.21302
3.35507
3.47918
3.5897
3.66944
3.72066
3.6487
2.84664
1.72213
0.665236
0.117197
0.0887527
0.142124
0.286455
0.509842
0.776543
1.46833
2.67875
3.99566
5.04867
5.4599
5.12367
4.31112
3.46964
2.68457
2.12414
1.79737
1.60938
1.54535
1.53656
1.58601
1.72787
1.89282
1.88377
1.85705
1.83467
1.81866
1.7865
1.67592
1.5216
1.29817
0.631346
-0.594187
-1.98426
-3.16304
-3.71726
-3.47719
-2.88759
-2.3581
-1.97785
-1.73287
-1.51991
-1.34478
-1.20809
-1.022
-0.846924
-0.768663
-0.68574
-0.595978
-0.509491
-0.438501
-0.409636
-0.407907
-0.412497
-0.44311
-0.496332
-0.578924
-0.674417
-0.789156
-0.973179
-1.24368
-1.83725
-2.87021
-4.03343
-4.90375
-5.12865
-5.19346
-5.32429
-5.53879
-5.7606
-5.96935
-6.0868
-6.14039
-6.14702
-6.07409
-5.95072
-5.82032
-5.70499
-5.57345
-5.42323
-5.23181
-5.00694
-4.7682
-4.47662
-3.99289
-3.34661
-2.28679
-0.85709
0.577192
1.64842
1.98493
2.14696
2.37774
2.67074
2.93163
3.17998
3.38276
3.54341
3.7088
3.92611
4.14205
4.31793
4.37087
4.35165
4.27587
4.12794
3.94338
3.71895
3.43628
3.05168
2.51535
1.54116
0.144564
-1.30828
-2.44916
-3.05089
-3.53402
-3.90534
-4.10094
-4.12763
-4.05531
-3.90838
-3.74426
-3.56863
-3.28209
-2.86821
-2.18593
-1.10424
0.0491943
0.953146
1.37456
1.5266
1.68599
1.80194
1.79772
1.70724
1.61735
1.58368
1.57886
1.56394
1.58235
1.64728
1.70494
1.74374
1.75657
1.73767
1.68554
1.59883
1.5265
1.41843
1.19383
0.631731
-0.426262
-1.64002
-2.65995
-3.23858
-3.53541
-3.72393
-3.87562
-3.99226
-4.04055
-4.04614
-4.05184
-4.07173
-4.06612
-4.05602
-4.05036
-4.05602
-4.03139
-4.00175
-3.97876
-3.94289
-3.90124
-3.86586
-3.81061
-3.7275
-3.62421
-3.47811
-3.30048
-3.12883
-2.95343
-2.76508
-2.58574
-2.43577
-2.2711
-2.08425
-1.89429
-1.71722
-1.52396
-1.32204
-1.14772
-0.984943
-0.805662
-0.664732
-0.55043
-0.440859
-0.33777
-0.216503
-0.0869656
0.0110874
0.0893517
0.138836
0.156498
0.125235
0.0467663
-0.0419159
-0.154457
-0.281767
-0.402802
-0.557295
-0.722134
-0.902266
-1.07091
-0.959219
-0.531742
0.0357513
1.15963
2.81539
4.60369
6.15567
7.09708
8.13079
9.64097
11.2641
12.6668
13.4656
13.8978
14.2264
14.4344
14.4139
14.3227
14.2497
14.1889
14.1353
14.1142
14.0997
14.0969
14.14
13.9365
13.4626
12.8854
11.7405
9.99666
8.0988
6.41271
5.36168
4.21849
2.58463
0.798931
-0.808664
-1.84086
-2.48112
-2.9229
-3.22213
-3.26788
-3.2508
-3.25984
-3.27319
-3.34309
-3.49224
-3.63586
-3.74075
-3.82837
-3.91727
-3.99426
-4.07564
-4.15109
-4.21341
-4.27896
-4.33278
-4.39036
-4.4522
-4.51545
-4.5873
-4.67072
-4.7611
-4.84046
-4.92209
-5.00904
-5.08344
-5.14024
-5.196
-5.25181
-5.29893
-5.32725
-5.36899
-5.21906
-4.58541
-3.89593
-3.52179
-3.62742
-3.73796
-3.78818
-3.79028
-3.80279
-3.82965
-3.8134
-3.77388
-3.73768
-3.7081
-3.67601
-3.63754
-3.60831
-3.60843
-3.61222
-3.60991
-3.5637
-3.50684
-3.53139
-3.6212
-3.73314
-4.01345
-4.66845
-5.46993
-6.11647
-6.3028
-6.42249
-6.4434
-6.4773
-6.5132
-6.55188
-6.62432
-6.67314
-6.69115
-6.69546
-6.66439
-6.6264
-6.57393
-6.40312
-6.18197
-5.97089
-5.79798
-5.68526
-5.54957
-5.40928
-5.25508
-4.78045
-3.79299
-2.76107
-2.03411
-1.93143
-1.81128
-1.59599
-1.28808
-0.89241
-0.440811
0.379904
1.69157
3.08768
4.24128
4.94225
5.52729
6.01727
6.29733
6.43182
6.49253
6.46782
6.41682
6.34526
6.27061
6.17742
5.76554
4.81321
3.7609
2.96975
2.77607
2.53999
2.25957
1.91178
1.4414
0.905399
0.0666981
-1.17596
-2.33569
-3.16594
-3.62147
-3.25162
-2.26133
-1.03599
0.0233707
0.417727
0.588375
1.00036
1.4543
1.60918
1.4394
1.28465
1.22886
1.2021
1.17796
1.24065
1.46828
1.72268
1.85497
1.84377
1.80559
2.23093
3.10742
3.9352
4.48668
4.41432
3.76541
3.01376
2.23088
1.39071
0.713854
0.458427
0.201529
-0.0969429
-0.214434
-0.157669
-0.14608
-0.152927
-0.100868
0.0220833
-0.0224171
-0.266878
-0.413589
-0.252235
0.0675449
0.308037
0.319357
0.325518
0.33886
0.356472
0.595608
0.901251
1.19333
1.48145
1.76383
1.91654
1.81643
1.71423
1.59342
1.44041
1.39163
1.50222
1.67116
1.82596
1.95103
2.22716
3.09659
4.39059
5.59355
6.48035
6.84936
6.79656
6.12295
5.242
4.56734
4.30083
3.75644
2.70671
1.62485
0.903234
0.883301
1.08238
1.46715
2.01083
2.47385
2.79399
2.96428
2.96487
2.79623
2.46669
2.01907
1.03761
-0.40819
-1.95376
-3.25774
-3.96172
-4.0333
-3.40746
-2.56268
-1.90491
-1.84135
-1.95314
-2.06067
-2.25162
-2.55833
-2.86097
-3.18158
-3.77431
-4.50509
-4.96906
-5.14024
-5.21633
-5.13141
-4.65917
-3.91883
-2.99431
-1.87218
-0.370537
1.18012
2.49265
3.25977
3.43007
2.95827
2.28325
1.6384
1.54361
1.60852
1.64518
1.66647
1.65584
1.60926
1.57728
1.57489
1.63732
1.70952
1.72754
1.69171
1.50702
1.10717
0.611132
-0.0287018
-0.916878
-2.34279
-3.86503
-5.11988
-5.77044
-6.23614
-6.52808
-6.62811
-6.5541
-6.47327
-6.05268
-5.09203
-4.05212
-3.31483
-3.20485
-3.16698
-2.9525
-2.65952
-2.33338
-1.96097
-1.18471
0.00785065
1.31906
2.4156
3.02172
3.49864
3.82334
4.06788
4.29288
4.46265
4.56717
4.53815
4.40367
4.29685
4.28823
4.02279
3.27921
2.5188
2.07343
2.32242
3.00351
3.94247
4.93722
5.72794
5.9997
5.70985
4.86586
3.89556
3.18677
2.98457
2.86259
2.77071
2.6931
2.60799
2.54236
2.50031
2.71155
3.04013
3.15984
3.07754
2.96175
2.80993
2.61135
2.34729
1.99729
1.31098
0.228418
-0.902178
-1.75393
-2.13358
-2.38692
-2.64326
-2.89891
-3.16472
-3.45048
-3.58764
-3.24107
-2.83327
-2.71554
-3.08282
-3.44933
-3.92299
-4.48586
-4.90136
-5.1267
-5.28811
-5.35509
-5.3633
-5.28993
-5.18854
-5.10316
-5.08418
-5.05901
-5.03592
-5.01432
-5.04168
-4.835
-4.2936
-3.63618
-3.023
-2.08515
-1.12165
-0.154894
0.805157
1.6215
2.38403
3.10342
3.65631
3.92728
4.11626
4.26457
4.39302
4.51407
4.65894
4.83276
4.95872
5.05161
5.14474
5.22901
5.31979
5.36994
5.14479
4.64632
4.11539
3.66171
2.72177
1.43603
0.120495
-1.16128
-2.01735
-2.80033
-3.52952
-4.03643
-4.20443
-4.26207
-4.26643
-4.19716
-4.09099
-3.93714
-3.71854
-3.12013
-2.12898
-1.08196
-0.264935
0.0915318
0.290533
0.406729
0.520184
0.674168
0.821177
0.926367
0.817398
0.681437
0.819349
1.12647
1.35861
1.44881
1.46814
1.48851
1.53273
1.63748
1.82119
2.03999
2.2356
2.47635
2.80373
3.30053
3.82904
4.37295
4.81324
5.31025
6.17498
7.08832
7.63706
7.61614
7.52745
7.42589
7.30182
7.12677
6.95337
6.83321
6.75318
6.67206
6.75655
6.87605
6.70215
6.22891
5.71397
5.21375
4.59124
3.52005
1.91713
0.237976
-1.22353
-2.11972
-2.89083
-3.93858
-5.09955
-6.02472
-6.35276
-6.46848
-6.53294
-6.64074
-6.77694
-6.91753
-7.0241
-7.05413
-7.07479
-7.28122
-7.53407
-7.56142
-7.40768
-7.1754
-6.89594
-6.59535
-6.29592
-6.03309
-5.66743
-5.21903
-4.75132
-3.90213
-2.57652
-1.13395
0.0812092
0.624441
0.936291
1.32324
1.63955
1.77976
1.86829
2.09595
2.49671
2.84458
3.01167
3.0361
3.04045
3.06819
3.08765
3.10325
3.12467
3.10927
3.02353
2.78316
2.46052
2.12739
1.38626
0.127262
-1.24657
-2.38599
-2.89447
-3.25687
-3.62837
-3.85911
-3.87903
-3.83225
-3.94827
-4.25665
-4.52252
-4.56964
-4.3878
-3.64253
-2.33975
-0.901632
0.361696
1.01599
1.42142
1.73361
1.89341
1.99125
2.05202
2.10732
2.20454
2.30571
2.44577
2.62679
2.82886
3.01724
3.24718
3.53735
3.84448
4.10427
4.27048
4.3972
4.47806
4.45869
3.85267
2.57281
1.11969
-0.130512
-0.782707
-0.860882
-0.367996
0.38044
0.956245
0.972095
0.990242
0.959915
0.866489
0.736053
0.55162
0.396122
0.270397
0.138603
0.00937271
-0.111977
-0.232735
-0.335354
-0.361874
-0.315594
-0.334141
-0.391415
-0.421299
-0.434971
-0.451328
-0.451572
-0.786831
-1.61306
-2.55106
-3.26238
-3.38657
-3.46915
-3.50056
-3.47044
-3.43084
-3.36012
-3.3003
-3.2742
-3.24376
-3.18433
-3.08425
-2.93869
-2.82505
-2.73042
-2.64138
-2.48862
-2.30495
-2.21017
-2.15651
-2.09753
-2.06014
-2.03438
-2.0482
-2.06836
-2.06436
-2.08858
-2.14732
-2.17574
-2.13981
-2.10507
-2.15405
-2.26505
-2.37583
-2.4916
-2.60955
-2.73389
-2.88317
-2.99055
-3.09954
-3.21001
-3.31855
-3.4327
-3.50422
-3.54354
-3.57393
-3.56544
-3.55861
-3.56339
-3.53572
-3.48665
-3.41598
-3.31484
-3.19987
-2.97468
-2.67398
-2.37059
-2.10115
-1.91318
-1.76213
-1.62459
-1.49727
-1.36789
-1.24498
-1.12762
-1.00101
-0.872467
-0.744083
-0.617695
-0.500103
-0.375343
-0.274494
-0.197327
-0.10556
-0.0294075
0.0259972
0.0855026
0.127846
0.147301
0.0620461
-0.0339165
-0.0194283
0.0877991
0.18021
0.314558
0.532291
0.782694
0.996246
1.13865
1.28739
1.45258
1.62653
1.82926
2.03138
2.24906
2.48143
2.72372
2.98866
3.24543
3.50476
3.78621
4.06648
4.33957
4.57913
4.78505
4.97574
5.13402
5.24943
5.3854
5.50583
5.59273
5.62844
5.64622
5.63986
5.61748
5.56143
5.4854
5.37465
5.24818
5.08932
4.90023
4.6913
4.47018
4.24736
4.02131
3.79035
3.56323
3.32099
3.07186
2.81694
2.57997
2.33952
2.11738
1.8758
1.65048
1.44369
1.23685
1.03197
0.835369
0.637213
0.469839
0.329006
0.193024
0.0526161
-0.0770721
-0.185673
-0.277477
-0.32756
-0.296154
-0.267815
-0.286549
-0.298328
-0.285526
-0.277889
-0.256287
-0.241077
-0.20557
-0.177704
-0.136631
-0.0989456
-0.0630989
-0.0137444
0.0472298
0.116749
0.192059
0.294128
0.422611
0.535233
0.605515
0.673399
0.74605
0.80871
0.82221
0.765615
0.719212
0.717407
0.706573
0.675415
0.662041
0.644001
0.630325
0.647381
0.628036
0.580936
0.516235
0.457916
0.405838
0.344082
0.237637
0.123291
0.00351334
-0.139809
-0.301018
-0.452423
-0.606693
-0.793015
-0.981426
-1.13573
-1.24813
-1.36377
-1.49303
-1.62518
-1.73846
-1.82584
-1.90254
-1.98181
-2.0669
-2.12135
-2.17007
-2.21332
-2.26409
-2.28519
-2.29332
-2.25925
-2.18525
-2.13922
-2.09901
-2.03606
-1.9435
-1.84234
-1.73401
-1.61301
-1.49532
-1.40708
-1.32225
-1.21279
-1.09497
-0.971832
-0.85442
-0.736919
-0.615574
-0.540882
-0.501961
-0.439842
-0.386265
-0.344116
-0.333755
-0.32666
-0.307621
-0.336712
-0.401157
-0.455952
-0.509171
-0.560883
-0.614777
-0.655636
-0.611046
-0.508621
-0.447475
-0.499279
-0.587215
-0.672825
-0.750568
-0.839302
-0.906628
-0.998001
-1.1017
-1.16605
-1.21473
-1.24181
-1.23919
-1.21924
-1.16004
-1.12761
-1.10371
-1.04694
-0.989361
-0.908997
-0.840469
-0.744713
-0.63895
-0.63467
-0.72356
-0.776363
-0.712608
-0.595684
-0.463409
-0.327038
-0.172791
-0.0448151
0.0755997
0.21447
0.34827
0.475151
0.59111
0.693382
0.825607
0.928745
0.946777
0.93959
0.942093
0.94894
0.930878
0.914677
0.89608
0.834011
0.747814
0.720402
0.691074
0.624298
0.508671
0.401978
0.307941
0.181904
0.0315628
-0.116554
-0.257042
-0.39743
-0.53368
-0.658871
-0.739517
-0.853291
-1.00216
-1.08011
-1.12965
-1.18117
-1.21275
-1.21516
-1.19919
-1.12775
-0.973873
-0.864441
-0.862499
-0.888817
-0.910694
-0.880173
-0.796909
-0.719963
-0.661732
-0.601379
-0.515137
-0.420433
-0.314701
-0.197533
-0.0432358
0.0666885
0.140862
0.225399
0.315033
0.406654
0.485588
0.545628
0.594315
0.622192
0.540691
0.367058
0.253677
0.199615
0.146763
0.0929718
0.0563431
-0.0273857
-0.151794
-0.250954
-0.355965
-0.388157
-0.39122
-0.479301
-0.56218
-0.661804
-0.796696
-0.927937
-1.05751
-1.18159
-1.29786
-1.39397
-1.42922
-1.47579
-1.56244
-1.62814
-1.66649
-1.70171
-1.71603
-1.7174
-1.68726
-1.68879
-1.62235
-1.42867
-1.34473
-1.30585
-1.32499
-1.38794
-1.33041
-1.23894
-1.16713
-1.07712
-0.914867
-0.708935
-0.569607
-0.48896
-0.356045
-0.305519
-0.313465
-0.288185
-0.257698
-0.223743
-0.17379
-0.132347
-0.102818
-0.120514
-0.186611
-0.323212
-0.561558
-0.700005
-0.770672
-0.870327
-0.927204
-1.0151
-1.18275
-1.35788
-1.51949
-1.64768
-1.54244
-1.36447
-1.35773
-1.51003
-1.62819
-1.59796
-1.54457
-1.57439
-1.65599
-1.74137
-1.78334
-1.79517
-1.76025
-1.69969
-1.67886
-1.66042
-1.62193
-1.57389
-1.49278
-1.44199
-1.41481
-1.33421
-1.22432
-1.10686
-1.0839
-1.33085
-1.55801
-1.54597
-1.46824
-1.41906
-1.44118
-1.41827
-1.28633
-1.14704
-1.00047
-0.905964
-0.84251
-0.809082
-0.772339
-0.676682
-0.58736
-0.515923
-0.42424
-0.334343
-0.24136
-0.116188
-0.0122871
0.0879517
0.208065
0.342281
0.516819
0.683605
0.838701
1.01661
1.21458
1.44017
1.65948
1.88066
2.14189
2.41066
2.70837
3.01331
3.29745
3.58427
3.86293
4.14297
4.42757
4.67969
4.90893
5.11636
5.30287
5.47755
5.6107
5.70286
5.75894
5.77975
5.7896
5.79418
5.74399
5.65754
5.55182
5.43449
5.28714
5.11648
4.91361
4.67399
4.43265
4.18101
3.90821
3.62697
3.3955
3.43463
3.57016
3.48091
3.20805
2.93904
2.66212
2.40691
2.17807
1.95882
1.72919
1.48879
1.26822
1.07543
0.897909
0.729261
0.560492
0.388809
0.225828
0.0787868
-0.053894
-0.163216
-0.228115
-0.265169
-0.302868
-0.342773
-0.609266
-0.983793
-1.16222
-1.15983
-1.14298
-1.10782
-1.05153
-0.987593
-0.925331
-0.863232
-0.791437
-0.720974
-0.64035
-0.541061
-0.437405
-0.349247
-0.254679
-0.141785
-0.0182419
0.11055
0.225544
0.331287
0.427282
0.498251
0.522406
0.505119
0.500883
0.520737
0.532877
0.521471
0.51512
0.466312
0.377752
0.288691
0.213444
0.104822
-0.0187836
-0.156599
-0.285656
-0.439884
-0.593235
-0.758093
-0.936579
-1.11634
-1.30273
-1.45162
-1.57241
-1.70519
-1.85984
-2.00169
-2.12822
-2.22895
-2.31661
-2.3754
-2.39023
-2.40905
-2.41293
-2.38971
-2.30853
-2.05488
-1.70761
-1.41319
-1.23605
-1.13929
-1.04792
-0.9375
-0.790443
-0.636822
-0.484463
-0.32626
-0.188522
-0.0649719
0.0647659
0.220619
0.365368
0.496655
0.629444
0.766796
0.897999
1.01043
1.08641
1.15956
1.20858
1.19914
1.00869
0.733871
0.526657
0.469738
0.472179
0.460571
0.4025
0.315517
0.220341
0.123856
0.0523186
-0.0356064
-0.161423
-0.246235
-0.19862
-0.0832901
-0.0815506
-0.187473
-0.282104
-0.370953
-0.493595
-0.59771
-0.692142
-0.758392
-0.810501
-0.855816
-0.845047
-0.837086
-0.81263
-0.726444
-0.634903
-0.578362
-0.528629
-0.456215
-0.360489
-0.308697
-0.25555
-0.174759
-0.12402
-0.182957
-0.303249
-0.290524
-0.161934
-0.0396233
0.0477295
0.165146
0.291054
0.40765
0.510212
0.608715
0.695457
0.740341
0.752544
0.774101
0.731564
0.71611
0.714104
0.696186
0.683662
0.630322
0.557011
0.493671
0.41378
0.316528
0.192944
0.0669556
-0.0397644
-0.165485
-0.324993
-0.470764
-0.61932
-0.756378
-0.881142
-0.983795
-1.05796
-1.13441
-1.24333
-1.3274
-1.42265
-1.48933
-1.5683
-1.60517
-1.57336
-1.55197
-1.54798
-1.53503
-1.50368
-1.39484
-1.26544
-1.16382
-1.05272
-1.00085
-1.03475
-1.0995
-1.159
-1.17715
-1.11702
-1.00399
-0.871803
-0.775291
-0.690346
-0.5881
-0.483971
-0.396126
-0.322609
-0.265938
-0.197346
-0.174469
-0.213329
-0.224335
-0.221249
-0.245102
-0.311131
-0.394169
-0.42791
-0.503098
-0.612328
-0.697838
-0.782188
-0.864708
-0.966522
-1.05052
-1.09382
-1.17809
-1.28432
-1.39866
-1.49052
-1.57505
-1.65088
-1.71584
-1.75547
-1.82896
-1.93635
-1.99569
-2.03618
-2.07161
-2.10973
-2.07604
-1.97646
-1.96013
-1.99436
-2.00353
-2.02045
-2.06142
-2.09783
-2.11016
-2.10223
-2.12714
-2.16396
-2.17243
-2.14542
-2.11583
-2.07574
-2.0329
-1.99503
-1.98101
-1.92005
-1.85695
-1.84528
-1.87957
-1.91564
-1.94459
-2.03129
-2.17058
-2.27478
-2.32444
-2.3766
-2.43172
-2.50781
-2.59875
-2.65702
-2.73701
-2.84306
-2.91684
-2.97724
-3.03901
-3.07016
-3.20426
-3.1989
-3.04936
-2.48273
-1.56239
-0.522856
0.305079
0.581318
0.502048
0.399141
0.291937
0.180677
0.0850315
0.00693321
-0.070055
-0.16106
-0.239283
-0.296921
-0.371309
-0.462198
-0.538111
-0.606564
-0.671854
-0.755814
-0.855526
-0.968191
-1.21375
-1.62582
-2.46198
-3.69403
-5.02233
-6.06749
-6.53506
-6.62584
-6.69049
-6.76159
-6.84119
-6.92236
-7.00669
-7.07431
-7.11117
-7.1396
-7.16801
-7.19945
-7.22669
-7.23205
-7.24488
-7.23508
-7.18587
-7.14311
-7.1264
-7.101
-7.0374
-6.88804
-6.49637
-5.99014
-5.62861
-5.45306
-5.322
-5.18567
-5.04758
-4.90916
-4.78233
-4.68446
-4.6078
-4.54496
-4.50115
-4.49544
-4.5073
-4.52354
-4.576
-4.66146
-4.7867
-4.954
-5.1435
-5.35967
-5.60481
-5.89588
-6.28172
-6.91452
-7.67735
-8.30628
-8.76176
-9.2049
-9.66912
-10.1564
-10.6304
-11.1094
-11.5826
-12.0423
-12.5092
-12.9647
-13.4146
-13.8892
-14.3517
-14.8036
-15.2364
-15.6576
-16.0723
-16.482
-16.8956
-17.3029
-17.6873
-18.0515
-18.4098
-18.7277
-19.0571
-19.3877
-19.7174
-20.0392
-20.3266
-20.597
-20.8424
-21.0678
-21.2723
-21.401
-21.4621
-21.4799
-21.5212
-21.6344
-21.783
-21.9164
-22.0484
-22.1712
-22.2803
-22.3728
-22.4608
-22.5478
-22.6405
-22.7215
-22.806
-22.88
-22.9398
-22.9827
-23.0117
-23.0646
-23.1092
-23.1133
-23.0864
-23.0381
-23.0059
-22.9945
-22.9534
-22.3659
-21.3609
-20.287
-19.4927
-19.2099
-19.1997
-19.3309
-19.4852
-19.6295
-19.797
-20.0092
-20.2706
-20.5781
-20.91
-21.2461
-21.582
-21.9184
-22.2342
-22.5835
-22.9879
-23.4296
-23.8709
-24.3079
-24.7325
-25.1902
-26.193
-27.6183
-29.0939
-30.2923
-30.9632
-31.3896
-31.6536
-30.5067
-29.3718
-28.2216
-27.0277
-25.7939
-24.525
-23.2316
-21.9361
-20.6449
-19.3572
-18.0719
-16.7781
-15.4702
-14.1512
-12.8511
-11.5438
-10.2117
-8.89015
-7.57518
-6.27757
-5.00318
-3.73885
-2.4972
-1.23512
0
