-16.8182
-16.2077
-16.3535
-16.59
-17.6065
-17.3362
-15.8076
-17.3558
-16.3885
-17.4017
-15.1822
-16.1899
-16.0396
-16.0621
-16.6817
-19.0249
-16.7554
-16.6443
-17.8105
-17.1808
-18.4667
-17.54
-15.7484
-17.3359
-18.0005
-19.8983
-19.3207
-18.74
-17.8715
-19.061
-19.1818
-18.9839
-18.1483
-17.8905
-17.6638
-17.4416
-17.2791
-18.4645
-17.4182
-16.9731
-16.9686
-16.3384
-16.952
-15.2474
-13.9126
-12.942
-16.0476
-15.3996
-14.7183
-14.7507
-14.7723
-14.8317
-12.5205
-14.05
-16.4385
-16.0024
-15.2853
-16.1572
-15.9367
-16.9969
-16.34
-14.8399
-17.2962
-15.8977
-17.2303
-17.0539
-17.1873
-18.9789
-17.776
-16.643
-18.4577
-18.0626
-16.6766
-19.0144
-19.7476
-19.4581
-21.4206
-18.9251
-20.8218
-21.007
-23.4827
-24.3836
-25.646
-25.6466
-25.1594
-26.102
-26.6385
-25.9939
-26.2048
-24.8234
-23.4672
-22.1959
-23.1372
-21.101
-19.5185
-19.5556
-19.4166
-17.708
-18.945
-16.3227
-15.3702
-15.6165
-17.0269
-15.0606
-14.3643
-14.147
-13.7365
-13.2953
-12.0798
-13.2121
-11.9976
-12.6566
-10.8442
-11.0564
-12.259
-11.5438
-10.8801
-10.9955
-9.93242
-10.0936
-10.5967
-10.6076
-12.4127
-10.011
-11.0628
-10.1775
-11.722
-10.719
-12.8993
-8.67333
-8.78884
-12.0219
-11.7215
-10.3076
-10.1666
-11.4332
-8.27676
-9.36216
-8.37222
-9.11238
-13.6741
-14.9466
-11.3276
-10.1705
-11.9151
-13.4439
-16.0686
-15.1588
-17.1661
-19.3497
-19.5433
-20.4893
-21.7781
-22.723
-23.0383
-20.5888
-20.6071
-19.1478
-18.0265
-17.588
-16.9958
-15.6886
-13.891
-12.9164
-11.9235
-12.1518
-10.8536
-10.1823
-9.99349
-9.42471
-8.38217
-8.37186
-8.51039
-9.20822
-8.93967
-9.45833
-8.24661
-7.25159
-9.18097
-7.72011
-7.79074
-7.86889
-8.25638
-7.36174
-5.89205
-8.16978
-8.5254
-6.9353
-8.21387
-9.11928
-8.7833
-7.83814
-9.23758
-9.70058
-10.0575
-9.02162
-8.40498
-9.26485
-9.80408
-8.31387
-9.12901
-8.79771
-9.62231
-8.97087
-9.93047
-7.80261
-9.18396
-8.0137
-10.5649
-9.45767
-9.55977
-11.2858
-10.8937
-10.9269
-12.808
-13.2796
-13.2436
-13.2344
-14.0281
-12.9275
-15.3718
-15.7387
-16.5029
-17.8696
-14.8219
-13.8787
-15.3977
-17.5703
-19.3301
-21.5254
-24.2199
-25.704
-24.3682
-22.8711
-25.2037
-26.8097
-25.1107
-24.0456
-23.2083
-21.4002
-21.9651
-21.4549
-21.8513
-22.4087
-21.7201
-20.0201
-19.23
-18.8132
-18.6802
-19.7906
-19.0775
-17.9684
-18.1427
-18.4428
-18.9764
-18.6781
-18.1958
-18.281
-17.1144
-16.0873
-17.8624
-16.708
-16.5919
-16.1505
-17.1257
-16.396
-16.391
-16.8773
-17.389
-17.3813
-15.5116
-14.3884
-16.7143
-17.2941
-17.1409
-16.0297
-16.4173
-13.3048
-15.0747
-17.3701
-16.6507
-14.8009
-15.329
-15.9588
-13.586
-16.0407
-15.8961
-15.7574
-16.5158
-15.8708
-14.963
-15.4839
-15.2828
-14.8747
-16.656
-16.1138
-15.2668
-14.1861
-14.5783
-13.1919
-14.5094
-14.7933
-13.8477
-14.4882
-14.8329
-15.3947
-15.1902
-14.9447
-15.8532
-16.0528
-16.3977
-15.6976
-15.0942
-15.7744
-15.8799
-15.2323
-16.7665
-16.6272
-16.5204
-16.8616
-16.504
-15.5014
-17.0189
-14.9786
-16.0951
-16.7011
-18.4046
-16.6681
-15.2026
-18.0278
-18.8047
-19.2618
-18.8209
-19.3446
-19.0418
-19.7025
-20.6159
-21.2492
-21.7439
-20.7659
-20.2486
-18.2367
-20.8703
-22.0424
-20.8519
-21.7325
-21.0015
-18.953
-19.4471
-16.7449
-12.4513
-11.254
-12.1164
-13.0133
-12.3333
-11.9209
-13.1611
-13.9
-13.283
-10.6742
-13.5679
-13.7625
-12.6893
-13.6954
-12.4741
-12.136
-11.0754
-12.8858
-12.0045
-11.8431
-11.4857
-12.0901
-13.0219
-11.1096
-11.7247
-12.8365
-13.3991
-12.1054
-12.5731
-12.4707
-12.1679
-12.7733
-14.0653
-13.4291
-13.7473
-12.3399
-13.7202
-13.7248
-13.7113
-13.6973
-12.4714
-11.7589
-14.0729
-13.1496
-14.9918
-13.5816
-14.8223
-14.0994
-14.7319
-14.9038
-16.5336
-18.0978
-18.0615
-20.1656
-19.4122
-20.2568
-20.9953
-20.9102
-19.9805
-21.9457
-21.2508
-20.1567
-21.8867
-21.7932
-20.9081
-23.033
-19.7724
-17.8375
-20.1458
-22.7132
-22.8781
-21.9216
-22.9384
-22.1294
-21.6643
-22.1761
-22.2626
-20.7626
-21.0829
-21.2222
-19.9557
-19.2073
-21.1014
-20.6615
-21.7119
-21.6989
-22.1541
-21.2517
-21.3662
-19.0597
-17.1724
-15.6099
-13.8596
-12.8617
-13.1229
-14.3555
-14.2251
-12.0801
-10.7182
-5.10733
-4.93989
-11.3811
-9.83083
-8.4462
-8.8512
-10.4623
-11.0128
-9.27793
-8.86894
-9.30457
-8.1879
-9.54561
-8.82797
-8.8074
-10.1242
-8.01848
-7.68981
-9.04356
-9.9465
-10.3383
-9.34416
-9.28402
-9.54062
-7.54047
-9.0555
-10.2602
-10.8939
-9.45045
-8.05918
-9.17588
-7.38074
-10.3312
-9.52541
-8.73333
-7.21793
-9.16563
-10.3264
-9.98636
-10.4214
-9.11104
-7.57143
-7.25583
-7.09167
-7.20097
-7.64896
-8.74563
-9.11386
-10.6295
-12.443
-10.7039
-12.829
-12.9494
-13.594
-13.0203
-10.3948
-11.172
-10.6682
-11.2174
-10.9176
-12.2959
-12.3295
-13.7682
-13.1603
-11.4298
-12.6461
-10.7144
-10.0437
-12.1533
-12.4015
-12.6871
-12.5913
-13.5207
-11.7609
-12.0997
-13.9118
-13.2814
-12.7762
-12.755
-15.6729
-17.3316
-15.2337
-13.9726
-12.4282
-14.4055
-12.8939
-12.7824
-11.8335
-11.1414
-14.1553
-14.4537
-15.1976
-13.6005
-13.755
-13.8997
-10.827
-13.7069
-13.756
-13.079
-12.7801
-12.6511
-16.21
-14.7645
-11.855
-12.5356
-12.3802
-13.6268
-14.0714
-13.214
-13.1954
-15.8595
-14.3289
-11.9864
-11.0813
-15.0798
-15.578
-15.0856
-13.9922
-14.3349
-15.1048
-13.4118
-14.2914
-17.5316
-17.0524
-15.4692
-14.7068
-13.3835
-15.9389
-15.7448
-16.7291
-17.8574
-20.3962
-21.7766
-22.1815
-22.1578
-23.0428
-23.3196
-22.7444
-22.4762
-22.6459
-21.7689
-19.6862
-18.4472
-18.2826
-16.9449
-16.6541
-18.5662
-14.9676
-15.3305
-14.4844
-15.1573
-15.8629
-13.3665
-14.3503
-14.4281
-13.7567
-14.0252
-13.2447
-11.0913
-12.7746
-11.9429
-9.13034
-8.60526
-9.23226
-10.7517
-9.80709
-8.4069
-9.2898
-9.11058
-7.02339
-8.8948
-9.37267
-10.7553
-11.0146
-10.5109
-9.57921
-11.299
-11.491
-10.1989
-9.75457
-10.5175
-10.7463
-11.5579
-6.68435
-7.00724
-11.8053
-9.54939
-8.42649
-7.92138
-10.4244
-13.8386
-16.3722
-15.47
-16.4667
-17.8303
-18.4213
-18.5
-18.2312
-18.0519
-18.4091
-17.026
-16.6226
-16.9998
-16.6963
-17.1182
-18.1249
-18.1043
-16.6571
-14.7925
-11.8561
-9.63167
-9.30469
-10.2617
-12.5496
-8.60678
-7.27293
-8.58441
-10.5262
-11.2833
-11.0793
-10.3347
-10.9437
-8.08551
-7.98632
-8.32978
-7.23353
-5.86467
-6.1859
-5.90623
-6.47065
-5.56921
-4.84376
-5.15228
-6.1157
-6.96392
-6.74989
-7.26731
-6.14056
-6.01614
-7.42146
-7.3505
-7.30872
-7.7132
-7.59929
-6.96635
-7.7262
-7.10971
-8.25833
-9.14488
-8.52436
-8.32402
-7.70217
-8.33551
-8.92278
-9.04296
-9.42881
-8.00619
-9.20983
-9.07706
-10.324
-9.79754
-11.0561
-10.8066
-9.43263
-10.2976
-11.5413
-10.8087
-10.6334
-11.1897
-8.91903
-9.23175
-12.125
-12.711
-13.614
-13.7711
-14.9561
-16.5091
-18.8911
-22.1043
-23.66
-24.383
-25.8437
-26.4829
-25.1997
-24.4999
-24.0378
-23.4325
-22.8136
-22.6517
-22.4394
-22.5209
-21.5893
-17.9295
-19.8098
-19.3026
-19.6806
-20.7965
-22.4631
-21.2847
-19.2894
-19.172
-18.0427
-17.8023
-16.8256
-16.4725
-16.1392
-17.4566
-15.3929
-16.6867
-15.9322
-14.8111
-15.7509
-15.5537
-13.8048
-16.6797
-16.5701
-15.8342
-15.6899
-15.4315
-15.5326
-17.0348
-16.3729
-15.4072
-16.7414
-17.017
-15.631
-14.6474
-14.6481
-13.9925
-13.8038
-15.4585
-14.0964
-14.5603
-14.3054
-13.3025
-15.1038
-15.5391
-14.1367
-14.4845
-15.1601
-14.6674
-15.6492
-14.8915
-15.2712
-17.2112
-14.6647
-15.3365
-14.3795
-13.0112
-13.4202
-14.0468
-15.4898
-14.4324
-15.356
-14.2037
-13.1687
-13.1601
-15.2889
-14.9394
-16.0624
-16.3558
-16.0999
-15.4015
-14.9156
-16.3568
-16.7037
-16.0125
-16.5384
-14.9713
-13.9977
-16.3718
-15.1155
-14.4091
-15.5831
-17.2547
-14.8366
-16.052
-15.4495
-14.6298
-15.4033
-17.3944
-17.7732
-19.274
-20.5449
-18.7631
-18.6315
-19.798
-17.495
-19.2287
-20.5604
-19.9955
-18.8441
-19.4324
-20.4058
-19.8888
-18.8943
-15.6874
-17.1609
-15.5926
-12.8053
-11.1772
-9.61052
-9.03095
-9.8655
-10.9228
-11.746
-10.7537
-13.005
-14.3091
-15.8035
-15.4622
-14.6822
-13.5643
-13.5194
-14.1755
-12.2225
-14.337
-16.0192
-15.6958
-14.0975
-14.1723
-14.4804
-13.9328
-13.7998
-12.8238
-13.5527
-13.0083
-11.9472
-12.4371
-11.7511
-7.96643
-5.98122
-7.99542
-15.2193
-12.8709
-10.7228
-11.05
-12.7303
-13.412
-11.8048
-12.3228
-12.902
-12.4151
-14.1003
-13.8525
-13.6987
-13.2322
-14.8143
-15.9997
-14.668
-13.8454
-13.3065
-15.1831
-17.3525
-17.432
-14.7033
-13.1603
-15.8317
-14.8753
-13.1927
-13.1293
-13.1888
-13.967
-17.3367
-21.0816
-22.234
-22.9746
-24.1264
-21.5548
-21.2652
-21.1716
-20.2051
-21.293
-20.7245
-20.9196
-20.7632
-23.5398
-22.4507
-22.5343
-22.2594
-22.1228
-21.1931
-19.9969
-19.3892
-19.6926
-20.2946
-19.3079
-18.0733
-17.5902
-17.7132
-17.577
-17.1917
-17.0473
-16.033
-12.1059
-10.03
-9.50231
-8.95826
-8.61989
-8.43153
-9.41969
-5.60852
-7.07021
-10.5076
-10.5031
-8.09545
-5.76421
-7.04541
-7.67659
-7.68239
-11.377
-11.8522
-11.4632
-11.1241
-10.9998
-11.741
-12.3866
-12.4479
-12.3248
-8.96537
-4.5739
-4.16932
-4.36502
-4.76253
-4.75178
-4.82246
-6.79277
-5.67399
-6.73062
-6.11194
-7.26453
-6.49889
-8.24795
-6.66744
-9.07099
-8.58508
-8.41965
-8.99703
-7.90827
-8.29333
-7.01194
-6.86465
-6.74163
-6.80915
-7.00353
-7.5802
-9.32424
-8.30654
-8.85187
-9.62068
-9.35293
-10.0829
-11.0338
-13.5789
-10.8825
-10.3416
-11.5611
-11.2556
-10.7415
-9.94333
-11.5133
-10.9061
-11.7388
-10.073
-10.2993
-13.1344
-12.8431
-9.65166
-10.3783
-11.6088
-8.25211
-10.8639
-11.5258
-14.9187
-15.0979
-13.7239
-14.4375
-15.8886
-16.3633
-15.7821
-15.966
-14.7625
-13.5614
-13.6195
-15.7606
-15.1497
-16.5
-17.7053
-11.6033
-10.2876
-11.2729
-13.8451
-16.8745
-18.1115
-18.9555
-19.6474
-19.3436
-19.8067
-19.1847
-18.8302
-18.7497
-20.9277
-19.7288
-19.1758
-18.7524
-18.0609
-17.6253
-19.4165
-19.3193
-19.299
-20.9001
-20.0913
-20.3011
-18.8894
-20.2114
-18.847
-17.3241
-16.7338
-21.1368
-18.903
-19.7292
-17.3257
-17.9695
-17.1244
-16.5039
-16.4687
-17.5648
-17.1935
-21.5862
-17.8387
-16.81
-17.9514
-18.3947
-18.6648
-20.1657
-22.8833
-22.7636
-22.2498
-21.8426
-20.9808
-20.2424
-20.2997
-19.9737
-19.3964
-19.4658
-18.9914
-19.5236
-19.3427
-19.0223
-19.568
-18.4069
-18.9153
-18.1205
-17.3434
-17.1427
-17.2981
-16.853
-15.5185
-16.1731
-16.9099
-16.1891
-16.6945
-17.0862
-16.3201
-16.668
-18.9939
-19.4199
-17.1539
-16.8455
-17.6453
-19.284
-18.4558
-18.442
-18.5619
-19.0677
-20.6521
-17.7
-17.3807
-20.2332
-19.9697
-19.408
-16.3252
-16.8112
-20.4672
-19.6209
-16.5933
-16.8308
-17.5637
-17.9848
-18.6182
-19.375
-19.3258
-17.7445
-17.6149
-19.3409
-19.5667
-20.4125
-21.6456
-22.461
-23.2967
-22.4078
-21.7993
-20.6286
-20.3495
-20.6671
-18.6113
-19.1902
-18.8458
-17.9878
-18.0327
-17.6448
-14.8494
-11.0442
-8.43661
-8.09503
-10.0807
-11.0795
-9.9544
-10.4862
-10.5206
-9.68097
-7.77014
-7.95195
-7.14207
-8.80956
-8.62135
-6.88088
-5.50391
-7.74411
-6.61538
-6.52343
-6.79863
-6.12673
-6.51782
-6.24802
-7.45144
-7.51188
-5.54011
-6.80683
-6.92842
-7.48058
-7.03703
-6.0172
-7.10712
-8.46942
-8.34514
-8.47204
-7.68614
-8.26255
-8.55622
-8.29864
-9.29746
-9.29234
-8.61087
-9.97666
-8.38654
-9.40373
-9.39253
-9.9875
-9.58483
-7.85673
-8.31911
-9.80189
-11.4272
-11.0048
-11.4558
-12.547
-13.8257
-12.3911
-13.4293
-15.8913
-16.4691
-17.577
-19.5721
-20.3492
-21.4921
-23.3228
-25.1852
-23.8752
-24.2293
-24.4277
-23.3762
-23.9763
-26.7246
-24.9487
-25.244
-26.6301
-25.6946
-24.4118
-23.0863
-22.0686
-22.4618
-19.6292
-21.4993
-23.1896
-23.0634
-22.9724
-21.6199
-21.5369
-20.8964
-18.4674
-18.6147
-19.6495
-19.5852
-19.1063
-19.1972
-15.596
-16.742
-17.9253
-15.1298
-17.5895
-17.477
-17.8696
-18.1679
-16.4803
-16.6961
-16.7664
-18.9106
-16.9662
-17.2248
-16.3985
-15.9704
-16.0087
-16.2841
-17.6772
-18.0444
-16.3132
-17.7042
-16.2223
-15.0239
-15.8199
-15.5458
-14.88
-14.6564
-15.8508
-16.8388
-16.7543
-16.2009
-15.08
-15.4107
-14.6318
-15.0955
-15.7374
-17.4836
-17.1847
-16.9589
-16.2459
-17.1255
-15.1736
-16.2316
-16.3739
-16.2951
-14.6562
-15.4274
-15.9905
-15.6944
-15.0805
-16.3727
-15.9871
-17.3066
-16.7141
-15.3613
-14.3612
-16.4642
-17.9088
-17.7256
-17.3465
-17.5226
-16.3239
-16.9062
-18.748
-18.8473
-17.9984
-19.0851
-15.7893
-18.8102
-20.0336
-19.333
-19.6194
-20.5248
-20.4101
-20.6272
-19.5618
-20.3548
-20.4942
-21.6546
-22.1675
-20.5141
-22.5293
-21.2065
-22.8789
-24.466
-24.6533
-23.0944
-21.9368
-20.5738
-17.8506
-15.7743
-13.1963
-12.7824
-10.971
-11.3217
-9.74614
-10.6034
-10.7047
-12.6428
-13.7449
-14.1934
-12.4056
-14.5746
-15.4779
-14.9696
-14.0762
-13.7852
-12.4956
-14.023
-13.6348
-14.7278
-13.9577
-13.185
-13.0878
-13.9282
-13.9783
-13.9046
-13.968
-14.5012
-13.9951
-16.2839
-15.6939
-14.9571
-12.9012
-14.3971
-16.2992
-15.537
-14.2434
-16.6498
-14.6543
-14.6418
-16.7515
-16.6716
-14.5328
-16.8177
-15.792
-15.3914
-16.6972
-15.2484
-17.9678
-16.7351
-16.8225
-18.8544
-15.1563
-16.3931
-19.6559
-19.823
-20.6402
-20.0823
-20.25
-20.7419
-20.9419
-22.7101
-23.5564
-21.4614
-24.1758
-19.0468
-18.3304
-22.7121
-23.0702
-22.9433
-21.5047
-20.5713
-21.7134
-20.7125
-21.8262
-24.4702
-24.3276
-23.3067
-24.0683
-21.5753
-21.1538
-22.0631
-21.3707
-20.7409
-22.0219
-21.5773
-19.0259
-18.8677
-18.3372
-21.2442
-21.4755
-22.7702
-22.0072
-21.1263
-21.0677
-17.2841
-15.0635
-20.532
-11.6126
-9.49973
-16.8438
-15.1581
-10.8919
-9.15989
-7.85058
-9.54298
-10.545
-11.2306
-10.3217
-10.9136
-9.25582
-9.55407
-12.1635
-12.4317
-12.0851
-12.6079
-9.57075
-5.61467
-7.97501
-9.48613
-10.5724
-8.18652
-6.98001
-8.67724
-11.26
-10.0083
-11.3039
-11.0287
-8.20448
-8.12029
-9.13392
-8.21648
-7.68274
-10.4867
-8.88374
-8.4445
-7.80663
-7.73724
-9.05048
-8.14617
-7.86728
-6.84109
-6.80571
-6.94779
-7.05686
-7.23172
-7.39634
-7.84045
-8.23181
-8.6019
-9.19369
-9.44033
-9.69414
-9.98101
-10.852
-11.0783
-10.8245
-12.1319
-9.90389
-11.3546
-9.98305
-11.033
-12.4193
-11.7201
-10.8134
-13.771
-9.78814
-10.668
-13.9496
-15.2523
-13.2743
-10.9215
-9.55181
-9.96964
-10.4108
-11.8367
-16.2298
-16.2224
-13.8059
-11.6476
-13.0194
-14.6544
-14.0808
-14.0984
-13.7906
-13.622
-14.0238
-13.0029
-12.1836
-15.9969
-18.9728
-15.968
-16.3759
-18.768
-18.1294
-19.6862
-19.0359
-18.116
-19.5952
-20.9003
-20.2747
-19.1225
-19.4387
-19.4938
-19.0701
-19.7434
-19.9488
-20.1549
-20.3004
-17.3636
-17.7395
-19.5258
-20.2119
-18.6139
-18.4537
-20.8042
-21.3678
-21.0304
-21.4621
-18.8932
-18.4958
-18.6948
-18.5934
-17.161
-14.8341
-15.0576
-17.6738
-20.4418
-19.6711
-20.9785
-20.8302
-19.9787
-17.6111
-15.5728
-14.4264
-16.0944
-20.907
-21.3056
-23.024
-20.764
-19.593
-20.6977
-21.636
-20.787
-19.6004
-19.3864
-19.3821
-19.3503
-19.815
-19.2253
-20.2459
-19.7677
-17.9036
-19.4635
-18.2228
-17.5782
-17.8948
-16.028
-16.7582
-18.4113
-16.9588
-15.8844
-14.658
-14.7129
-15.7465
-16.4048
-18.1793
-17.8374
-14.9461
-17.0178
-14.5811
-17.6962
-18.9574
-16.4493
-18.2146
-19.0992
-18.6715
-15.8769
-17.4265
-18.1494
-18.4885
-16.5508
-17.5786
-15.9852
-17.3899
-17.6376
-16.8999
-17.6482
-15.3491
-15.9711
-16.1176
-16.7591
-16.4022
-15.5372
-17.5655
-17.1476
-18.9055
-16.7725
-17.7342
-18.3391
-19.3718
-17.192
-16.4866
-17.1075
-16.4949
-18.7846
-17.3409
-17.108
-16.1948
-17.4903
-17.2748
-19.1783
-15.1522
-14.7675
-13.9053
-12.6618
-8.46116
-11.013
-9.68382
-10.717
-8.60467
-8.11167
-9.50717
-8.20748
-6.50174
-6.95205
-6.65385
-7.79453
-5.10603
-6.43571
-5.75818
-4.86023
-5.03386
-6.51437
-6.75303
-5.5683
-5.69673
-6.33488
-6.27108
-5.26828
-6.52209
-6.65889
-6.65355
-5.65493
-7.3931
-5.85496
-6.59179
-6.93455
-7.2183
-7.89085
-8.13503
-6.71283
-7.77572
-7.79478
-7.83302
-7.25566
-8.69082
-9.07667
-8.20976
-8.27276
-9.37043
-8.86369
-8.93728
-8.84445
-9.02663
-7.97134
-10.3734
-10.653
-11.5173
-11.7057
-12.5051
-12.5477
-14.1321
-15.3694
-16.6773
-17.9332
-18.0676
-18.6455
-20.1457
-21.505
-22.3278
-23.0422
-22.3379
-21.9657
-23.1443
-24.0353
-22.4469
-25.0765
-26.8514
-25.5247
-21.4453
-21.5345
-18.8795
-20.5976
-20.6763
-20.2431
-20.9776
-21.1948
-23.2533
-22.2529
-18.1584
-19.2321
-16.8816
-18.3535
-18.7719
-18.0473
-17.3693
-15.013
-14.3034
-15.7294
-15.781
-13.3084
-14.4166
-13.1488
-13.6948
-14.9436
-14.8308
-15.0442
-13.5729
-13.0278
-14.4734
-12.8117
-14.6127
-15.3956
-13.9897
-14.7943
-14.6151
-14.7354
-15.3713
-14.6817
-13.2757
-15.0629
-14.6874
-14.0898
-13.2936
-13.6037
-13.7627
-13.5827
-12.6026
-12.8873
-13.5946
-11.9914
-13.6
-12.7299
-12.8177
-13.1392
-13.2154
-12.5953
-12.5848
-13.4483
-11.7854
-13.5659
-12.1539
-13.5884
-13.1578
-14.1197
-13.8362
-14.5388
-12.888
-12.985
-14.4987
-13.4969
-14.8292
-14.0348
-14.9696
-13.7713
-15.142
-14.3302
-15.246
-16.0554
-14.5303
-15.0884
-14.8723
-15.22
-15.8605
-16.2584
-14.9436
-15.3982
-17.952
-16.9403
-15.7209
-16.9539
-16.1696
-19.5147
-17.6667
-17.5157
-21.6953
-19.227
-20.5169
-19.1559
-19.7699
-20.9841
-20.7556
-20.2372
-19.3557
-19.695
-19.8472
-21.4946
-18.7079
-20.4435
-18.343
-17.214
-14.2642
-11.5918
-13.1442
-12.0311
-11.1553
-11.0578
-12.9168
-15.1672
-13.0454
-11.7307
-12.8482
-15.6778
-14.2307
-14.9508
-12.1448
-14.1041
-14.0623
-12.8783
-12.4787
-12.9667
-11.6538
-13.6573
-13.2032
-13.5117
-13.8115
-15.3275
-14.3699
-14.9345
-14.3101
-14.9746
-13.367
-15.4545
-15.3566
-14.6256
-14.418
-14.2933
-15.0982
-15.8738
-14.687
-14.3875
-15.2596
-15.3464
-14.503
-14.5152
-14.7582
-15.9757
-17.4714
-16.7749
-16.7407
-18.1296
-18.0421
-19.8134
-18.4929
-22.6486
-22.5549
-22.8452
-23.7362
-24.4436
-22.4886
-22.3821
-24.501
-25.664
-24.7614
-25.7125
-26.818
-25.9979
-26.0851
-25.6041
-26.693
-28.3138
-25.9992
-27.1097
-27.9444
-27.1561
-26.4582
-24.2162
-23.9015
-26.1549
-26.7821
-25.4012
-23.9866
-22.0377
-21.7146
-21.2666
-20.3895
-21.4368
-22.6009
-23.7688
-21.8448
-22.143
-20.2879
-20.9508
-19.3174
-17.0357
-17.724
-17.4939
-13.8742
-11.6598
-10.6459
-10.0781
-11.4817
-9.81042
-9.03255
-7.99435
-10.667
-10.5488
-10.5023
-10.8963
-9.53045
-9.82349
-10.4946
-11.4442
-10.0841
-10.8182
-9.73289
-10.0532
-11.6539
-13.7117
-13.1889
-12.5388
-11.7267
-10.9196
-11.3572
-11.7393
-12.3812
-13.249
-13.5503
-11.7287
-13.228
-14.1399
-12.9716
-13.8007
-13.2362
-12.5273
-14.435
-13.5254
-12.1742
-13.5747
-12.0196
-11.908
-12.6399
-12.1252
-11.8789
-12.212
-12.4726
-12.7997
-13.3707
-13.7566
-14.5882
-14.9216
-15.8441
