-48.6415
-48.3274
-48.3813
-48.5824
-48.3832
-48.3862
-48.4847
-48.4493
-48.3483
-48.4165
-48.5372
-48.4599
-48.4644
-48.4045
-48.4759
-48.3978
-48.4929
-48.5249
-48.7083
-48.7459
-48.5429
-48.5765
-48.6306
-48.5279
-48.6542
-48.7054
-48.6662
-48.7382
-48.7981
-48.6587
-48.6096
-48.5641
-48.4408
-48.6408
-48.6068
-48.4923
-48.3721
-48.6482
-48.3772
-48.4427
-48.377
-48.423
-48.5439
-48.6224
-48.5931
-48.8605
-48.607
-48.3408
-48.4446
-48.3086
-48.4833
-48.6271
-48.5587
-48.4235
-48.3448
-48.2988
-48.2511
-48.2701
-48.5054
-48.3413
-48.3709
-48.3957
-48.1692
-48.1892
-48.4526
-48.4252
-48.5374
-48.6302
-48.4339
-48.5586
-48.5002
-48.6713
-48.8217
-48.4843
-48.4063
-48.5186
-48.4827
-48.5721
-48.6326
-48.4275
-48.4493
-48.5784
-48.6403
-48.4985
-48.3934
-48.4582
-48.0368
-48.3313
-48.5709
-48.4427
-48.0944
-47.9855
-47.5589
-47.8668
-48.1283
-48.2654
-48.5777
-48.4013
-48.3244
-48.0147
-48.2306
-48.293
-48.2665
-48.1164
-47.9469
-48.0448
-48.0562
-48.1207
-48.1984
-48.343
-48.2328
-47.8869
-47.7572
-47.7628
-48.0193
-47.8887
-48.275
-47.9223
-47.7508
-47.8624
-48.1273
-48.1483
-48.1975
-48.1025
-47.8068
-48.1024
-47.8379
-47.7517
-47.8831
-48.0512
-47.6835
-47.6085
-47.694
-47.8057
-47.7624
-47.805
-47.7218
-47.884
-47.752
-47.5682
-47.4532
-47.5066
-47.4886
-47.6343
-47.7209
-47.6943
-47.7413
-47.5174
-47.4496
-47.6515
-47.4003
-47.518
-47.7462
-47.6474
-47.3721
-47.5273
-47.4642
-47.5835
-47.6964
-47.4601
-47.2719
-47.4176
-47.6452
-47.5129
-47.4269
-47.4816
-47.3911
-47.322
-47.3663
-47.5603
-47.3273
-47.1411
-47.4376
-47.4092
-47.2878
-47.2875
-47.4519
-47.4727
-47.3844
-47.1679
-47.1677
-47.1095
-47.1048
-46.9609
-47.085
-47.2137
-47.0526
-47.2211
-47.1452
-47.0091
-46.8493
-46.9159
-46.9925
-47.6042
-47.2787
-47.2721
-47.0611
-46.8788
-46.8675
-46.7557
-45.9035
-46.601
-47.1873
-47.1232
-47.1062
-47.0042
-46.8919
-46.6716
-46.8808
-47.0577
-47.0709
-46.8378
-46.4898
-46.8951
-47.1469
-46.6681
-46.6738
-46.8974
-47.2549
-47.3213
-47.1981
-46.858
-47.1556
-47.1782
-47.1556
-47.0431
-46.5987
-46.6954
-47.1111
-46.9011
-46.9168
-46.9699
-46.868
-46.8184
-46.7443
-46.6406
-46.7017
-46.8582
-46.5369
-46.5013
-46.6489
-46.644
-46.8366
-46.4457
-46.5269
-46.7165
-46.5313
-46.5028
-46.547
-46.6435
-46.7114
-46.5734
-46.4115
-46.2437
-46.4027
-46.3908
-46.601
-46.5041
-46.4983
-46.829
-46.6049
-46.4024
-46.7121
-46.8328
-46.7519
-46.5066
-46.8075
-46.7194
-46.6914
-46.6182
-46.4125
-46.1702
-46.4868
-46.3914
-46.2025
-46.3365
-46.4758
-46.6483
-46.5414
-46.3971
-46.0372
-46.1371
-46.3923
-46.858
-46.5969
-46.3324
-46.5623
-46.6451
-46.441
-46.6438
-46.5584
-46.5982
-46.3316
-46.0414
-45.8649
-46.1701
-46.5309
-46.4075
-46.4107
-46.2996
-46.4415
-46.1857
-45.9034
-46.2516
-46.092
-46.1042
-46.2214
-46.2105
-46.4751
-46.2948
-46.261
-46.4288
-46.2687
-46.3731
-46.2097
-46.0968
-46.3829
-46.2516
-46.242
-46.2004
-46.181
-46.2296
-46.2324
-46.3522
-46.452
-46.3558
-46.0405
-46.082
-46.2556
-46.0465
-46.1124
-46.0339
-45.9713
-46.1593
-46.3606
-46.3268
-46.3003
-46.186
-46.6276
-46.4762
-46.1464
-46.1203
-46.0185
-45.9874
-46.0636
-46.3693
-46.3288
-46.475
-46.3178
-46.3243
-46.468
-46.3938
-46.1438
-46.2723
-46.3654
-46.2907
-46.3238
-46.0738
-46.1835
-46.2385
-46.5157
-46.6327
-46.1484
-46.153
-46.3153
-46.5687
-46.4623
-46.0366
-46.0388
-46.1089
-46.2591
-46.4342
-46.149
-46.1434
-46.2895
-46.2394
-46.3051
-46.1366
-46.3521
-46.2843
-46.339
-46.4448
-46.4061
-46.4078
-46.3876
-46.1745
-46.1546
-46.0764
-46.5447
-46.4774
-46.0368
-46.0194
-46.1056
-46.3055
-46.259
-46.3673
-46.6817
-46.5607
-46.2606
-46.17
-46.048
-45.9968
-46.2599
-45.9457
-46.1056
-46.0951
-46.1053
-46.0802
-46.0507
-46.1615
-46.3663
-46.2952
-46.1947
-46.3492
-46.1916
-46.1862
-46.1409
-46.2035
-46.1791
-46.4275
-46.1274
-46.4642
-46.5416
-46.3912
-46.3189
-46.3874
-46.4478
-46.1759
-46.4027
-46.353
-46.4875
-46.5153
-46.1869
-46.3748
-46.2818
-46.2846
-46.6717
-46.4731
-46.3194
-46.2201
-46.1701
-46.3284
-46.4069
-46.3647
-46.5018
-46.523
-46.3699
-46.4725
-46.3801
-46.5504
-46.4824
-46.3253
-46.3339
-46.4675
-46.5863
-46.5682
-46.6673
-46.4738
-46.3431
-46.5163
-46.4155
-46.4086
-46.566
-46.4889
-46.5649
-46.2729
-46.4293
-46.6298
-46.5174
-46.5671
-46.5604
-46.4537
-46.4095
-46.7965
-46.8198
-46.7559
-46.6706
-46.5055
-46.2414
-46.1619
-46.3301
-46.3904
-46.5576
-46.2609
-46.2372
-46.4488
-46.8256
-46.9871
-46.9465
-46.6261
-46.5661
-46.5824
-46.5278
-46.2159
-46.2516
-46.1886
-46.5329
-46.5064
-46.7966
-46.7416
-46.4692
-46.3275
-46.5804
-46.7495
-46.6922
-46.7665
-46.5583
-46.5508
-46.4075
-46.3383
-46.3615
-46.6786
-46.7469
-46.677
-46.6923
-46.4429
-46.6842
-46.6287
-46.6485
-46.699
-46.7234
-46.6294
-46.5833
-46.6416
-46.8135
-46.6938
-46.3848
-46.5472
-46.7799
-46.8965
-46.7465
-46.8178
-46.7325
-46.7167
-46.7136
-46.4416
-46.4542
-46.7933
-46.7413
-46.6906
-46.6397
-46.7204
-46.6725
-46.6823
-46.5841
-46.5529
-46.5054
-46.6749
-46.6663
-46.6242
-47.0938
-46.661
-46.8675
-46.8335
-47.2055
-46.9891
-46.864
-47.1162
-46.8718
-47.0239
-47.1607
-46.9942
-47.1322
-47.2266
-46.9343
-46.7669
-46.7489
-46.6805
-46.8656
-46.5894
-46.8656
-46.811
-46.7902
-46.9399
-46.7399
-46.4953
-46.7964
-46.6589
-46.7624
-46.831
-46.6954
-46.5183
-46.8817
-46.7162
-46.8605
-46.8529
-46.9454
-47.2669
-46.8378
-46.8579
-47.1086
-46.9204
-46.656
-46.677
-46.9461
-47.014
-46.9236
-46.9206
-46.987
-46.8688
-47.0529
-46.9596
-46.913
-47.2474
-47.3027
-47.1674
-46.8307
-46.5905
-47.1049
-47.1499
-47.2723
-46.8763
-46.9326
-46.8875
-46.8608
-46.8086
-47.2321
-47.173
-46.894
-46.7533
-46.9264
-46.5987
-46.7303
-46.7779
-46.8121
-46.7436
-46.6491
-47.1834
-47.1186
-47.0044
-47.002
-47.0378
-47.0539
-46.9143
-47.0945
-47.2662
-47.368
-46.9225
-46.7403
-47.0146
-46.8406
-46.8507
-46.8601
-46.9882
-46.8739
-46.9809
-47.1739
-47.2284
-47.1839
-46.9606
-47.2787
-47.3312
-47.0174
-47.2215
-47.1638
-47.2249
-46.8477
-47.0358
-47.2692
-47.0902
-46.8497
-46.8074
-46.8585
-46.8953
-46.9905
-47.0454
-47.0127
-46.9844
-46.9709
-46.6911
-46.9379
-47.0254
-46.9514
-47.1713
-47.2627
-47.1614
-47.2732
-47.1746
-46.9458
-47.0591
-46.9319
-46.9
-46.888
-47.1812
-47.0928
-47.2999
-47.3356
-46.8817
-46.6692
-46.9304
-47.1427
-47.1363
-47.0569
-46.9549
-46.9561
-46.8331
-46.8675
-46.7063
-46.9853
-46.8388
-46.4308
-46.5654
-46.7451
-46.6749
-46.7636
-47.0283
-47.0528
-47.1154
-46.698
-46.7932
-46.5855
-46.6917
-46.8829
-46.9268
-46.7648
-46.8689
-47.0045
-47.1401
-47.1995
-47.115
-46.5869
-46.6727
-46.8667
-46.7922
-46.9694
-46.877
-46.7547
-46.7907
-47.0409
-46.9887
-47.1231
-47.3257
-47.282
-47.0799
-47.1768
-47.0191
-47.3048
-47.1852
-47.0389
-47.0317
-47.0365
-47.2953
-47.0649
-46.9664
-47.2484
-47.3115
-46.9271
-46.8869
-46.888
-47.0129
-46.8041
-46.9284
-47.0945
-47.132
-46.9209
-47.2175
-47.2091
-46.9019
-46.8147
-46.843
-46.9694
-47.1976
-46.9641
-46.9588
-47.2533
-47.3985
-47.2296
-47.1749
-47.023
-46.9876
-47.1217
-47.1285
-46.9798
-47.0486
-46.9857
-46.7447
-46.9653
-47.1182
-47.1229
-46.8414
-46.9133
-46.8857
-47.1717
-47.2978
-47.102
-47.1574
-46.858
-46.9832
-47.0445
-47.2572
-47.1034
-46.9
-46.69
-47.2274
-47.2288
-46.8871
-47.2498
-47.4266
-47.3788
-47.2511
-47.0913
-47.1506
-47.1943
-47.2491
-47.2773
-47.1324
-47.0456
-47.1345
-47.2137
-47.0999
-46.8845
-46.749
-46.8331
-46.8301
-47.0808
-46.6991
-46.7336
-46.9585
-47.1226
-46.6882
-46.9926
-46.7731
-46.5358
-46.877
-47.0499
-46.9184
-46.9456
-47.4203
-47.1481
-46.7811
-46.7451
-46.8986
-47.2796
-47.187
-47.1042
-47.0251
-47.0289
-47.0153
-46.737
-46.8486
-46.822
-46.7634
-47.3161
-47.158
-46.8319
-46.8927
-47.0736
-47.1672
-47.0238
-46.8184
-46.6833
-46.9118
-46.9768
-47.0124
-46.8712
-47.0567
-46.8952
-46.7878
-46.8342
-46.7798
-46.918
-47.0412
-46.9647
-46.8796
-46.622
-46.9719
-47.0543
-46.7973
-46.851
-46.9607
-46.8345
-46.9493
-47.0275
-46.8649
-47.0199
-47.106
-47.0477
-46.8364
-47.0586
-47.1403
-47.0632
-46.7074
-46.9078
-46.8093
-46.7701
-46.767
-47.0082
-46.9572
-46.9981
-46.9911
-46.9848
-46.8728
-47.0542
-46.7879
-46.6788
-46.8683
-47.1228
-47.0015
-46.8591
-46.9112
-46.8968
-46.9296
-46.9024
-46.93
-46.9252
-46.8557
-46.6684
-46.673
-46.6159
-46.7349
-46.81
-46.6964
-46.6812
-46.8512
-46.9052
-46.9148
-47.148
-47.0616
-46.9518
-46.8912
-46.819
-46.7794
-46.8867
-46.9884
-46.9716
-47.022
-46.925
-47.1248
-47.4155
-47.1856
-47.0674
-46.9826
-46.7795
-46.709
-46.7537
-46.6496
-46.8301
-46.7388
-46.7898
-46.6644
-46.6518
-46.7866
-46.8299
-46.7816
-46.8057
-46.6078
-46.5181
-46.8085
-46.9091
-46.7958
-46.5495
-46.8154
-46.8634
-46.8711
-46.8589
-46.9961
-47.0356
-46.6626
-46.9525
-46.992
-46.8368
-46.704
-46.9623
-46.8655
-47.2463
-46.9644
-46.8974
-46.8759
-46.955
-47.0348
-47.105
-47.1621
-46.8179
-46.9731
-47.0539
-47.1677
-47.1353
-47.0121
-46.7971
-46.9286
-46.8755
-47.1555
-46.8632
-46.4627
-46.6893
-46.7331
-46.7099
-46.9326
-46.9359
-47.0999
-46.9604
-46.7994
-46.9827
-46.9976
-47.0637
-46.6829
-46.6051
-46.5946
-46.3506
-41.2413
-36.8861
-41.2701
-47.1314
-46.9491
-46.8555
-47.1919
-47.0051
-46.8279
-46.9479
-47.0076
-46.8337
-46.7901
-46.7237
-46.5646
-46.8403
-46.4528
-46.9228
-47.143
-47.1116
-47.0988
-46.7144
-47.0764
-47.2166
-47.0066
-46.7863
-46.9133
-47.1239
-46.8502
-46.9981
-47.0633
-47.1324
-46.9778
-47.0124
-47.0572
-47.0467
-46.9664
-47.1133
-47.2195
-47.0572
-47.0778
-47.2365
-46.6399
-46.9292
-47.0417
-46.9437
-46.6842
-46.9851
-46.9113
-47.2157
-46.9816
-46.7873
-46.6315
-46.5941
-46.9194
-46.9192
-47.0481
-47.17
-47.2643
-47.2483
-46.9536
-46.7887
-46.796
-46.9708
-46.4942
-46.7231
-46.9432
-46.9748
-47.0645
-46.7488
-46.8043
-46.8712
-46.9285
-46.9065
-46.7618
-46.7825
-46.804
-46.8939
-46.6539
-47.0847
-46.8749
-46.8334
-46.9155
-46.5914
-46.9269
-47.1698
-47.0817
-47.1001
-46.8914
-46.6805
-46.9918
-47.0906
-47.1395
-47.1233
-47.1024
-47.2032
-47.2227
-47.3477
-47.0634
-47.0421
-46.9422
-46.9903
-47.1907
-47.0263
-47.0644
-46.8913
-46.7248
-46.8927
-47.1901
-46.9733
-47.1433
-46.9667
-46.9967
-47.0725
-47.0275
-46.9757
-46.8242
-47.075
-46.8654
-46.9876
-46.9571
-47.3246
-47.0011
-46.8576
-46.8304
-46.8821
-46.8998
-47.1852
-47.4217
-47.0985
-47.0216
-46.8867
-47.1751
-47.1081
-47.1369
-46.9899
-47.008
-47.0368
-47.0099
-47.023
-47.1958
-47.2431
-47.1306
-47.1171
-47.2088
-47.3617
-47.3396
-47.4233
-47.3485
-47.1256
-47.2128
-47.1737
-47.3785
-47.3361
-47.1308
-47.4799
-47.5174
-46.9978
-47.0603
-47.196
-47.3486
-47.1892
-46.9208
-47.1487
-47.0316
-47.1558
-47.0343
-47.2633
-47.2045
-47.1807
-47.4209
-47.129
-47.074
-47.1524
-47.5562
-47.3707
-47.4116
-47.124
-46.8544
-47.3008
-47.3367
-47.1308
-47.1168
-46.6312
-46.9182
-47.1339
-47.277
-47.2763
-47.1867
-47.3061
-47.3297
-47.0032
-47.1306
-47.2708
-47.2431
-47.1088
-47.3426
-47.1818
-47.228
-47.3414
-47.4259
-47.2458
-47.3235
-47.4206
-47.0657
-47.0964
-47.1195
-47.338
-47.5879
-47.2204
-47.1007
-47.2572
-47.2248
-47.0462
-47.2691
-47.1993
-47.3057
-47.3236
-47.2213
-47.1854
-47.4607
-47.54
-47.5546
-47.5432
-47.2361
-47.4054
-47.428
-47.5616
-47.5799
-47.5157
-47.2343
-47.3189
-47.3869
-47.8368
-47.4311
-47.3741
-47.2886
-47.5132
-47.5215
-47.3497
-47.2337
-47.4406
-47.5295
-47.4355
-47.3726
-46.9725
-47.0146
-47.1604
-47.2623
-47.3479
-47.2592
-47.2242
-47.5097
-47.4277
-47.4799
-47.7302
-47.5189
-47.4188
-47.3086
-47.6705
-47.7631
-47.9317
-47.6122
-47.4616
-47.5551
-47.4826
-47.5515
-47.8017
-47.2767
-47.1305
-47.3387
-47.5089
-47.1916
-47.4331
-47.5906
-47.6107
-47.2229
-47.3815
-47.3411
-47.2859
-47.2568
-47.311
-47.3527
-47.4869
-47.3939
-47.3753
-47.5856
-47.2561
-47.2601
-47.4672
-47.3464
-47.4176
-47.5746
-47.4181
-47.1498
-47.1918
-47.4587
-47.6434
-47.6549
-47.3957
-47.5454
-47.3387
-47.1774
-47.6402
-47.8362
-47.6904
-47.2557
-47.1884
-47.0812
-47.1622
-47.2342
-47.3139
-47.3335
-47.5902
-47.9619
-47.518
-47.4263
-47.4394
-47.5407
-47.8244
-47.4585
-47.2122
-47.4945
-47.5531
-47.6184
-48.0249
-48.0236
-47.6733
-47.6313
-47.4133
-47.3914
-47.7781
-47.4416
-47.0816
-47.473
-47.7641
-47.7949
-47.5436
-47.6177
-47.5142
-47.5792
-47.6149
-47.417
-47.4879
-47.7962
-47.5907
-47.5133
-47.524
-47.525
-47.5992
-47.7242
-47.5962
-47.3888
-47.5484
-47.3204
-47.4255
-47.7496
-47.6714
-47.5541
-47.3427
-47.4118
-47.2417
-47.4582
-47.7296
-47.4416
-47.654
-47.5877
-47.2833
-47.2893
-47.3484
-47.4827
-47.31
-47.163
-47.3065
-47.6381
-47.8957
-47.5359
-47.0983
-47.2349
-47.6199
-47.4927
-47.5658
-47.7479
-47.5221
-47.6242
-47.6924
-47.5215
-47.2995
-47.1312
-47.3453
-47.5211
-47.4031
-47.3315
-47.566
-47.4665
-47.1109
-47.5467
-47.3253
-47.3636
-47.3148
-47.4084
-47.4419
-47.3213
-47.5001
-47.3462
-47.2126
-47.1093
-47.3449
-47.3188
-47.4814
-47.4439
-47.53
-47.5393
-47.521
-47.3493
-47.3023
-47.4946
-47.6271
-47.6736
-47.5233
-47.4525
-47.4862
-47.3717
-47.1946
-47.1111
-47.243
-47.2264
-47.4013
-47.2546
-47.085
-47.2226
-47.1693
-47.1769
-47.1141
-47.014
-46.6492
-44.7217
-43.8971
-45.2295
-46.9027
-46.9826
-47.3416
-47.4632
-47.6453
-47.4998
-47.1296
-47.2697
-47.1889
-46.9893
-46.8085
-46.9343
-46.9728
-46.9405
-47.0378
-47.1947
-47.1967
-46.9169
-47.2477
-47.2754
-47.3291
-47.6131
-47.4983
-47.2566
-47.3561
-47.4925
-47.4723
-47.5694
-47.3912
-47.0488
-47.2708
-47.3826
-47.6607
-47.5269
-47.4992
-47.3318
-47.4751
-47.3641
-47.1859
-47.3993
-47.3984
-47.484
-47.3204
-47.4144
-47.2736
-47.1677
-47.2359
-47.7006
-47.361
-47.4287
-47.5711
-47.2553
-47.2301
-47.2351
-47.2886
-47.5615
-47.4083
-47.132
-47.2899
-47.3299
-47.5073
-47.4838
-47.3683
-47.1404
-47.1263
-47.0752
-47.1286
-47.0603
-47.4188
-47.3044
-47.4392
-47.0445
-46.8832
-47.0617
-47.2914
-47.5616
-47.2079
-47.0851
-47.6173
-47.3902
-47.4509
-47.2452
-46.8863
-47.1361
-46.8197
-47.0107
-47.017
-47.097
-47.0691
-47.2043
-47.0317
-47.2571
-47.2348
-47.0434
-47.1229
-47.454
-47.1581
-47.0641
-47.1527
-47.1253
-47.352
-47.293
-47.143
-47.0104
-46.831
-46.9161
-46.8764
-46.9548
-47.3176
-47.2182
-47.1172
-47.1336
-47.0914
-47.0025
-46.8488
-47.051
-47.0446
-46.9262
-47.1255
-46.9109
-46.6998
-46.9811
-47.0284
-47.2318
-47.3739
-47.0451
-46.8296
-46.9936
-47.0379
-46.8615
-46.9966
-47.1374
-46.9638
-47.006
-46.9285
-46.7356
-47.0899
-47.0216
-47.2749
-47.2108
-47.0347
-47.2061
-47.1455
-47.0931
-46.9741
-46.7999
-46.7708
-46.8823
-47.0283
-47.0634
-47.0139
-46.8354
-46.9422
-47.3937
-47.33
-47.0673
-47.0205
-46.9472
-46.956
-46.7775
-47.0188
-47.0348
-47.2497
-47.1537
-47.2257
-47.1509
-47.2968
-46.9801
-47.0079
-46.7004
-47.0053
-47.1888
-47.0279
-47.0666
-47.3086
-47.345
-47.1062
-46.9686
-47.0403
-47.0468
-47.2672
-46.966
-47.138
-46.7986
-46.783
-46.8069
-46.8159
-46.9953
-46.8216
-46.9348
-46.7121
-46.8572
-46.9664
-46.8619
-46.7726
-46.9081
-46.9292
-46.9111
-46.802
-46.8704
-46.7512
-46.9636
-47.3374
-47.1608
-46.9599
-46.6169
-46.902
-47.176
-46.9668
-47.0634
-47.1072
-46.8875
-47.0682
-47.0266
-47.0392
-46.7728
-46.9226
-47.1525
-47.2737
-47.1408
-47.1024
-47.1427
-47.0199
-46.7765
-47.0604
-47.1
-46.8597
-46.9799
-46.9808
-46.6974
-46.8435
-47.1197
-47.1044
-47.0587
-47.0044
-47.153
-47.0786
-47.0625
-47.1312
-47.0163
-46.9002
-46.8998
-47.1262
-47.2599
-47.1158
-46.9653
-46.9202
-47.0418
-47.0643
-46.7079
-47.1707
-47.3321
-47.265
-47.2879
-47.4449
-47.194
-47.2044
-47.0708
-46.9883
-47.0743
-47.136
-46.8737
-46.8686
-47.0542
-47.0863
-46.7641
-46.7145
-47.1843
-47.1192
-47.1043
-47.1767
-46.7665
-46.5475
-46.7591
-46.8996
-46.9903
-47.1452
-47.25
-47.3422
-47.2443
-47.2399
-47.2238
-47.2952
-47.1727
-47.3187
-47.4332
-47.2069
-47.2528
-47.2771
-47.2845
-47.5708
-47.3536
-47.2984
-47.0337
-47.1564
-47.0979
-47.0394
-47.0162
-47.0023
-47.231
-47.1804
-46.8576
-47.0012
-47.0651
-46.9474
-47.0347
-47.2272
-47.2256
-47.2103
-47.2794
-47.1142
-46.794
-47.1302
-47.213
-47.4061
-47.395
-47.3666
-47.3427
-47.2121
-47.4633
-47.0817
-47.2802
-47.3042
-47.2525
-47.1952
-47.0201
-47.0502
-47.0353
-47.4401
-47.3069
-47.0518
-47.3809
-47.302
-47.3832
-47.335
-47.5116
-47.2735
-47.368
-47.5671
-47.6111
-47.3126
-47.2062
-47.3861
-47.404
-47.4056
-47.5089
-47.221
-47.2577
-47.1436
-47.2491
-47.2169
-47.4078
-47.681
-47.5291
-47.2715
-47.6609
-47.734
-47.5801
-47.5207
-47.7861
-47.7465
-47.5338
-46.9017
-47.0497
-47.2347
-47.3013
-47.6244
-47.6455
-47.6767
-47.4598
-47.4226
-47.6919
-47.5691
-47.513
-47.2071
-47.3938
-47.5829
-47.5596
-47.5915
-47.5873
-47.5184
-47.3473
-47.2218
-47.5108
-47.6423
-47.3444
-47.4108
-47.4404
-47.6706
-47.5537
-47.625
-47.5313
-47.654
-47.5356
-47.696
-47.9341
-48.0025
-47.6732
-47.6086
-47.3169
-47.2628
-47.6787
-47.5686
-47.809
-47.7316
-47.529
-47.8079
-47.6632
-47.735
-47.7072
-48.1744
-48.0869
-47.9396
-47.8962
-47.8284
-48.0869
-47.9674
-47.5867
-47.7971
-48.0905
-48.0008
-47.8426
-47.7939
-47.7451
-47.7628
-47.7835
-47.8458
-47.595
-47.6892
-47.6568
-47.9438
-48.1072
-48.1254
-47.9812
-47.7514
-47.8751
-47.9332
-48.0354
-48.0687
-48.3349
-48.2982
-47.9783
-48.2655
-48.3911
-48.4938
-47.8218
-48.1488
-47.9158
-47.9738
-48.1587
-48.179
-48.2784
-47.9981
-47.8681
-48.1606
-48.3405
-48.1719
-48.1671
-48.2873
-48.2234
-48.0993
-48.0988
-48.2249
-48.2127
-48.5052
-48.4817
-48.1826
-47.9562
-47.9697
-48.1409
-48.2425
-48.1998
-48.0106
-48.1108
-48.2755
-48.5633
-48.2824
-48.1147
-48.5945
-48.5449
-48.1513
-48.5086
-48.215
-48.2897
-48.0917
-48.3244
-48.4183
-48.3741
-48.2394
-48.3551
-48.0145
-48.4772
-48.2746
-48.2794
-48.5863
-48.4551
-48.3752
-48.4209
-48.5493
-48.6337
-48.463
-48.5328
-48.3562
-48.3158
-48.2628
-48.5225
-48.6045
-48.2781
-48.2331
-48.1497
-48.0865
-48.5312
-48.6645
-48.2638
-48.2812
-48.4534
-48.4259
-48.634
-48.1366
-48.3032
-48.5776
-48.4397
-48.4474
-48.5055
-48.418
-48.4473
-48.5923
-48.4301
-48.4568
-48.7193
-48.7893
-48.5827
-48.4785
-48.3561
-48.4302
-48.4267
-48.506
-48.6793
-48.6199
-48.4268
-48.7718
-48.6088
-48.5113
-48.7027
-48.4875
-48.4781
-48.7029
-48.5085
-48.5259
-48.7064
-48.6499
-48.5042
-48.7385
-48.5192
-48.3736
-48.6983
-48.9198
-48.5286
-48.4842
-48.6388
-48.4008
-48.5705
