-47.3729
-47.6495
-47.4132
-47.6828
-47.8589
-47.8146
-47.7232
-47.8188
-48.027
-47.8227
-47.7865
-47.7146
-48.0531
-48.3773
-48.1426
-48.1459
-48.0288
-48.0513
-47.8467
-47.927
-48.073
-48.1305
-48.0132
-47.9955
-48.1891
-48.1411
-47.7794
-47.8464
-47.9273
-48.0094
-47.957
-47.9953
-48.2424
-47.9957
-48.015
-47.8175
-47.9906
-48.2621
-48.1594
-48.2058
-47.9941
-47.8134
-47.9025
-48.0667
-48.1003
-48.1114
-48.0353
-48.1102
-47.8405
-47.7844
-47.8457
-47.8026
-47.6123
-47.9134
-47.7245
-47.9588
-48.2295
-47.9211
-47.9412
-47.8191
-47.6339
-47.6912
-47.6067
-47.7611
-47.576
-47.3634
-47.4467
-47.2933
-47.3549
-47.479
-47.3126
-47.1062
-46.9498
-46.9773
-47.2077
-46.8539
-47.0312
-46.9062
-46.6393
-46.4495
-46.0265
-45.8846
-46.0435
-45.8163
-45.6894
-45.6608
-45.4846
-45.1663
-45.0401
-45.1295
-45.1094
-45.2549
-45.1056
-45.3176
-45.0403
-45.032
-44.9598
-44.8992
-45.1533
-44.901
-44.8462
-44.9232
-44.984
-44.9709
-44.7332
-45.269
-45.8652
-46.1863
-46.2545
-46.3624
-46.6981
-46.7848
-46.8007
-46.8154
-46.4892
-46.4671
-46.222
-46.6111
-46.4495
-46.6171
-46.565
-46.6892
-46.7326
-46.5595
-46.5117
-46.5217
-46.5601
-46.6907
-46.7673
-46.9611
-47.051
-46.9008
-46.6939
-46.7665
-46.9663
-46.9723
-46.8546
-46.9315
-46.8626
-46.9006
-46.8571
-46.965
-47.0716
-46.9971
-46.8284
-46.8511
-47.004
-47.0336
-47.2509
-47.1613
-47.2797
-47.2533
-47.1447
-47.0526
-47.0786
-47.2148
-47.1623
-46.9501
-46.7171
-46.8003
-46.7169
-47.0691
-47.3502
-46.9078
-46.8264
-47.1092
-46.9246
-46.9416
-46.8832
-46.684
-46.7704
-46.8431
-46.9015
-46.9958
-46.9514
-46.8316
-46.6601
-46.6614
-47.0197
-47.0021
-46.6514
-46.6368
-46.7684
-46.9347
-46.6694
-46.5282
-46.5889
-46.6105
-46.7851
-46.507
-46.6339
-46.6337
-46.5797
-46.4085
-46.46
-46.5974
-46.5299
-46.4354
-46.3322
-46.3729
-46.3916
-46.2583
-45.9337
-45.9622
-46.2899
-46.145
-45.934
-45.5851
-45.6231
-45.8317
-45.5532
-45.2745
-45.3859
-45.6853
-45.5065
-45.4585
-45.5029
-45.4921
-45.3964
-45.5233
-45.2483
-45.2316
-45.1935
-45.6292
-45.3917
-45.6708
-45.5282
-45.544
-45.2284
-45.5814
-45.8071
-45.5488
-45.5865
-45.692
-45.9115
-45.6085
-45.5649
-45.5164
-45.6875
-45.9754
-46.1606
-45.9147
-46.1522
-46.1704
-46.1911
-46.2511
-46.175
-45.8656
-46.0659
-45.9579
-45.8081
-46.1032
-46.0828
-46.1934
-46.3386
-46.0336
-46.2819
-46.4806
-46.5559
-46.1657
-46.0507
-45.9913
-45.7521
-45.7723
-45.9606
-46.1829
-46.0018
-45.7284
-45.7617
-45.9482
-46.3473
-46.2433
-45.8656
-46.3476
-46.1803
-46.4599
-46.3599
-46.1778
-46.0752
-46.3829
-46.0429
-46.0931
-45.7818
-45.8102
-46.0993
-45.7601
-45.2504
-45.4933
-45.931
-45.8279
-45.3332
-45.7659
-45.7553
-46.1795
-45.9796
-45.9372
-45.7824
-45.6217
-46.3355
-46.1819
-46.1051
-45.7414
-45.8399
-45.8958
-46.177
-45.9921
-45.9023
-45.9465
-46.059
-45.9869
-45.9053
-45.828
-46.1555
-46.2387
-46.1267
-45.9465
-45.8669
-45.4721
-45.7786
-45.9174
-45.8179
-45.627
-45.9335
-45.6667
-45.8072
-45.7502
-45.5933
-45.7696
-45.7125
-45.6902
-45.6725
-45.7123
-45.8054
-45.8898
-45.632
-45.5614
-45.5762
-45.7117
-45.9299
-45.4557
-45.7252
-45.8683
-45.8489
-45.6823
-45.9233
-45.9546
-45.5215
-45.1337
-45.3325
-45.7008
-45.5708
-45.4616
-45.4245
-45.28
-45.5961
-45.4166
-45.2374
-45.4228
-45.3933
-45.4525
-45.1662
-45.1621
-45.1082
-45.359
-45.2228
-44.8568
-44.7906
-44.891
-44.7039
-44.6453
-44.7219
-44.5456
-44.5564
-44.7905
-44.5968
-44.4673
-44.2368
-44.3985
-44.6629
-44.7506
-44.5666
-44.8587
-44.6379
-44.764
-44.9489
-45.284
-45.1329
-45.1598
-45.1127
-45.344
-45.1995
-44.8509
-45.1922
-45.3467
-45.5255
-45.3227
-45.4285
-45.2196
-45.3851
-45.5824
-45.3748
-45.4703
-45.4344
-45.4511
-45.5959
-45.4146
-45.4405
-45.4643
-45.3651
-45.0648
-45.2253
-45.7833
-45.9574
-45.5691
-45.5957
-45.6078
-45.5852
-45.6387
-45.4447
-45.5319
-45.6683
-45.9514
-45.8059
-45.3999
-45.3822
-45.6148
-45.4492
-45.4361
-45.3809
-45.5522
-45.5794
-45.4084
-45.2306
-45.3478
-45.3873
-45.0799
-45.3554
-45.4221
-45.108
-44.7505
-44.9608
-45.0489
-45.0695
-45.0024
-44.9853
-44.9824
-44.8227
-44.4033
-44.1818
-44.5364
-44.3427
-44.1426
-43.9831
-43.6524
-43.514
-43.0583
-42.787
-43.0345
-43.1623
-43.3158
-43.0087
-43.0696
-42.7711
-42.9016
-42.7189
-42.9246
-42.864
-42.7571
-42.7881
-42.509
-42.4688
-42.2436
-42.4628
-42.5409
-42.9027
-43.2258
-43.2483
-43.4494
-43.6716
-43.7516
-44.0942
-44.1993
-44.434
-44.5959
-44.7557
-44.6441
-44.7783
-44.8478
-45.1938
-45.1854
-45.466
-45.0378
-44.9737
-44.8043
-44.9499
-45.1394
-45.3508
-45.3884
-45.1923
-45.4262
-45.0755
-45.3413
-45.34
-45.7096
-45.2217
-45.3284
-45.4987
-45.4289
-45.6116
-45.4433
-45.4719
-45.6743
-45.6326
-45.4412
-45.5831
-45.834
-45.7108
-45.8038
-45.8614
-45.8942
-45.8318
-45.6959
-45.5938
-45.761
-45.8374
-46.0707
-45.9931
-45.8047
-45.5219
-45.8585
-45.613
-45.8942
-45.7946
-45.8935
-45.4071
-45.5821
-45.6014
-45.7196
-45.7001
-45.4373
-45.3494
-45.2822
-45.5996
-45.1549
-45.4695
-45.2681
-44.9185
-45.1347
-45.1441
-44.8506
-44.273
-43.9982
-44.0982
-43.9831
-43.803
-43.5643
-43.3187
-43.3494
-43.0179
-42.9236
-43.1496
-42.9937
-42.6865
-42.5135
-42.5013
-42.4801
-42.6509
-42.6669
-42.5908
-42.44
-42.44
-42.4191
-42.0987
-41.6195
-41.4998
-41.4989
-41.5369
-41.5469
-41.5647
-41.2467
-40.9657
-41.0145
-40.893
-40.8213
-40.5145
-40.1751
-39.8453
-39.9403
-39.6942
-38.8931
-38.5118
-38.2378
-37.5984
-37.5215
-37.4185
-37.6143
-37.4418
-37.7197
-37.7986
-37.9216
-37.6229
-37.6079
-37.5562
-37.4379
-37.5435
-37.3458
-37.4308
-37.6711
-37.7353
-37.8207
-38.107
-38.0204
-37.9893
-38.02
-38.3234
-38.8236
-39.1179
-39.3742
-39.6492
-39.7231
-39.9964
-40.4244
-40.5783
-40.574
-40.5511
-40.9548
-41.0188
-40.9558
-40.7347
-41.1781
-41.3218
-41.4889
-41.5826
-41.6928
-42.1277
-42.1516
-42.2374
-42.4045
-42.6128
-42.8178
-43.1277
-43.4812
-43.6217
-43.8645
-43.7223
-43.8848
-44.1717
-44.2943
-44.37
-44.2277
-44.4725
-44.4414
-44.6342
-44.7533
-44.899
-45.0047
-45.0784
-45.2437
-45.4157
-45.5399
-45.5937
-45.5575
-45.8038
-45.8344
-46.0073
-45.9863
-46.0222
-46.3602
-46.4328
-46.1261
-46.1234
-46.15
-46.4383
-46.4333
-46.4032
-46.4595
-46.5157
-46.2918
-46.0637
-46.1968
-46.3542
-46.4329
-45.9421
-46.0642
-46.1605
-46.1511
-46.5623
-46.5143
-46.4185
-46.3252
-46.8239
-46.7239
-46.2672
-46.5227
-46.5349
-46.4315
-46.3654
-46.587
-46.6267
-46.6728
-46.4322
-46.4951
-46.4504
-46.2491
-46.1096
-46.1762
-46.5255
-46.6766
-46.3044
-46.4705
-46.5817
-46.7733
-46.2187
-46.5452
-46.303
-46.5011
-46.5558
-46.2744
-46.3739
-46.4065
-46.2785
-46.2328
-46.4383
-46.5346
-46.4598
-46.3862
-46.3061
-46.1086
-46.1229
-46.3934
-46.1274
-46.0691
-46.2119
-46.2198
-46.1006
-45.8411
-45.5235
-45.729
-45.8659
-45.8397
-46.125
-45.9265
-45.8323
-45.6692
-45.5231
-45.162
-45.1453
-45.0462
-45.2513
-45.2643
-45.1967
-45.3458
-45.5188
-45.6014
-45.7121
-45.5369
-45.9334
-45.5965
-45.3088
-45.7187
-45.7037
-45.8806
-45.8141
-45.8698
-45.861
-45.8752
-45.6905
-45.9225
-46.1041
-46.2075
-46.2122
-46.1151
-46.1541
-46.3261
-45.9289
-45.9769
-46.1162
-46.5751
-46.4685
-46.2184
-46.3269
-46.1795
-46.3191
-46.1485
-46.0006
-46.0563
-45.8466
-45.9399
-46.318
-46.1807
-46.2075
-46.2313
-46.3997
-46.1034
-45.9718
-46.1224
-46.0702
-46.0644
-45.857
-46.1868
-45.9366
-46.0835
-46.0088
-45.9476
-45.9448
-46.272
-45.9567
-45.7992
-45.8695
-45.7767
-45.6302
-45.8488
-45.9098
-45.6735
-45.636
-45.5864
-45.2024
-45.1141
-45.0019
-45.2132
-45.1147
-44.6062
-45.0265
-44.8158
-44.4475
-44.0053
-44.0962
-43.9909
-43.8576
-43.7686
-43.7014
-43.5682
-43.6275
-43.6431
-43.7563
-43.666
-43.5703
-43.5306
-43.5483
-43.1867
-42.7909
-43.1592
-43.0671
-43.0278
-42.9467
-43.3687
-43.4269
-43.4537
-43.5288
-43.8301
-43.9788
-44.1778
-44.8764
-45.2184
-45.0656
-44.9673
-45.0858
-44.9436
-45.1202
-45.2896
-45.0202
-45.245
-45.6117
-45.3677
-45.2251
-45.5703
-45.7127
-45.7648
-45.3663
-45.4048
-45.1652
-45.2392
-45.4585
-45.5953
-45.6896
-45.6992
-45.5766
-45.5294
-45.5092
-45.8249
-45.7105
-45.4528
-45.7579
-45.7179
-45.7225
-45.686
-45.8586
-45.7861
-45.8467
-45.8784
-45.813
-45.9681
-45.9246
-45.8687
-46.0293
-46.0737
-46.0821
-45.8393
-45.676
-46.0707
-46.1412
-46.3707
-46.2692
-45.931
-46.0365
-45.9068
-46.0856
-45.9649
-46.3399
-46.2261
-46.2826
-46.2378
-46.5191
-46.3462
-46.0285
-46.4421
-46.2428
-46.2053
-46.1779
-45.8866
-45.8834
-45.9994
-46.2702
-45.9166
-46.1882
-46.0882
-45.9767
-46.1579
-45.8382
-46.1819
-46.27
-46.0167
-45.8837
-46.0639
-46.3023
-46.192
-46.2192
-46.0586
-45.8856
-46.1824
-46.321
-46.0829
-46.124
-45.9615
-45.727
-45.8528
-45.9872
-45.7123
-45.4806
-45.8501
-45.4606
-45.546
-45.6807
-45.8109
-45.6281
-45.4783
-45.1389
-44.979
-45.0883
-45.5309
-45.4955
-45.471
-45.433
-45.4459
-44.9886
-44.8641
-45.0007
-45.0002
-45.2353
-45.4672
-45.1169
-45.0295
-44.9116
-45.0813
-45.0721
-45.0067
-45.2262
-45.3044
-45.5271
-45.8469
-45.9654
-45.7742
-45.8768
-45.8988
-45.8027
-45.9975
-46.286
-45.9299
-45.9354
-46.1251
-46.0141
-46.119
-46.1207
-45.8641
-46.0216
-46.1006
-46.2358
-46.2801
-46.2692
-42.1369
-38.5246
-42.299
-46.3972
-46.482
-46.5678
-46.4081
-46.5124
-46.6078
-46.8065
-46.5822
-46.433
-46.176
-46.0417
-46.2096
-46.4309
-46.4207
-46.2249
-46.0465
-46.0894
-46.3117
-46.372
-46.471
-46.3598
-46.4885
-46.3721
-46.3364
-46.1865
-46.348
-45.8698
-46.2812
-46.3513
-46.3315
-46.0346
-46.2436
-46.5591
-46.3706
-46.2817
-46.3789
-46.1237
-46.062
-45.998
-46.1446
-46.2513
-45.9627
-46.1314
-46.0877
-45.8772
-45.8218
-45.6023
-45.4054
-45.2152
-45.7196
-45.7831
-45.894
-45.6877
-45.393
-45.0924
-45.385
-45.4617
-45.3108
-45.8951
-45.3487
-45.0953
-45.1633
-45.3162
-44.7411
-44.5708
-44.9399
-45.2313
-45.25
-45.0302
-44.9475
-45.0257
-45.0793
-45.0542
-44.7804
-45.0801
-45.1287
-45.0501
-44.9047
-44.5442
-44.4874
-44.3241
-44.5524
-44.2881
-44.4048
-44.1301
-44.002
-44.1916
-44.1947
-43.744
-43.7136
-43.618
-43.3264
-43.3921
-43.6797
-43.7386
-43.621
-43.2858
-43.2796
-43.3542
-43.23
-43.0756
-43.1759
-42.945
-42.9739
-42.8373
-43.0839
-43.0217
-43.3928
-43.0349
-42.8456
-42.8409
-43.0101
-42.8091
-43.1453
-42.9933
-42.9654
-42.8358
-43.0266
-43.0296
-42.8126
-42.8913
-43.1288
-43.4921
-43.3598
-43.4536
-43.3445
-42.9488
-43.425
-43.5391
-43.6907
-43.6224
-43.7392
-43.7072
-44.187
-44.2845
-44.3048
-44.6759
-44.5071
-45.0595
-44.7447
-44.9323
-45.0746
-45.0509
-45.1221
-45.4319
-45.269
-45.409
-45.2079
-45.2403
-45.1742
-45.3365
-45.4917
-45.7349
-45.9935
-46.3717
-46.0579
-45.831
-45.5382
-45.5239
-45.7342
-46.2254
-46.6587
-46.1712
-46.0925
-46.0858
-45.9681
-45.9425
-46.1663
-46.4046
-46.2814
-46.3556
-46.1921
-45.782
-45.9883
-46.0702
-46.0728
-46.2017
-46.3504
-46.2196
-46.2136
-46.1544
-46.0318
-46.0483
-45.8689
-46.0389
-45.9614
-45.9294
-45.7103
-45.6022
-45.6145
-45.2446
-45.0459
-44.9007
-45.0847
-45.1922
-45.0296
-45.1618
-44.9021
-44.5996
-44.4047
-44.4854
-44.0938
-44.1141
-44.1025
-44.0102
-43.9554
-44.0074
-44.0551
-43.9674
-43.7006
-43.7604
-43.8422
-43.7442
-43.7057
-43.6087
-43.4479
-43.8919
-44.1899
-44.2424
-44.2458
-44.5987
-44.5046
-44.3775
-44.8696
-45.1825
-45.4576
-45.6808
-45.7035
-45.9151
-45.7736
-45.9137
-45.9201
-45.8893
-45.8918
-45.9799
-45.893
-45.8479
-45.7537
-45.9504
-46.0814
-45.8611
-46.3281
-46.3382
-46.4039
-46.1215
-46.156
-46.3151
-46.077
-46.4059
-46.126
-46.2279
-46.4493
-46.459
-46.3147
-46.2638
-46.5147
-46.7504
-46.5357
-46.6032
-46.7016
-46.5463
-46.2291
-46.5161
-46.5752
-46.5894
-46.57
-46.6922
-46.4471
-46.5036
-46.6301
-46.7372
-46.658
-46.9776
-46.7531
-46.9057
-47.0232
-46.6857
-46.7438
-46.9804
-46.836
-46.862
-46.6358
-46.9195
-46.9557
-46.9805
-46.684
-47.0383
-46.7883
-46.8037
-46.8902
-46.7891
-46.8381
-46.7225
-46.8704
-47.0024
-47.1554
-46.9809
-46.8913
-46.8125
-46.8127
-46.9093
-46.6554
-46.7395
-46.8314
-46.6368
-46.6204
-46.6928
-46.5482
-46.3044
-46.6324
-46.7811
-46.7621
-46.5688
-46.6315
-46.6989
-46.4813
-46.6129
-46.3536
-46.293
-46.3734
-46.817
-46.3782
-46.2925
-46.4314
-46.1439
-46.1675
-46.1518
-46.204
-46.0147
-45.9797
-46.0378
-46.3391
-46.1921
-45.8939
-45.6834
-45.8231
-45.7857
-45.7724
-45.9249
-45.8974
-45.7705
-45.608
-46.0518
-46.1453
-46.0047
-45.9293
-46.1164
-45.8507
-45.9271
-46.1716
-46.2407
-46.6005
-46.7058
-46.4155
-46.8539
-46.7498
-46.5606
-46.4969
-46.4623
-46.6576
-46.8873
-46.8685
-46.705
-46.8161
-46.5557
-46.4989
-46.7148
-46.8979
-46.8222
-46.8787
-46.9311
-46.8932
-46.779
-46.7813
-46.5754
-46.7888
-46.974
-46.8636
-46.6716
-46.6393
-46.8465
-46.6275
-46.7987
-46.7541
-46.6399
-47.007
-47.317
-47.1949
-47.0282
-47.1145
-47.0018
-46.924
-46.9739
-47.0421
-46.8095
-46.6102
-46.9076
-46.895
-46.8812
-46.9586
-46.9083
-46.9686
-46.8785
-47.0822
-46.8975
-46.6312
-46.7812
-47.0027
-46.9907
-46.7882
-46.9443
-46.9237
-46.8925
-46.8543
-46.7029
-46.7957
-46.9646
-46.9311
-46.8012
-47.0902
-47.2169
-47.1633
-47.1447
-47.0049
-46.7969
-46.9719
-47.0199
-46.7232
-46.982
-46.7917
-46.8353
-47.0254
-46.9741
-46.712
-46.7653
-46.1007
-44.6782
-44.2823
-45.6638
-46.7498
-46.9237
-46.8498
-46.9108
-46.8
-46.7203
-47.0239
-47.1688
-47.0536
-46.9388
-46.8756
-47.2236
-47.0581
-46.9979
-46.9366
-46.853
-46.66
-46.7883
-46.8427
-46.666
-46.4383
-46.6475
-46.4852
-46.5963
-46.8817
-46.6999
-46.9614
-46.6286
-46.435
-46.9918
-46.8394
-46.6412
-46.7041
-46.503
-46.8403
-46.9103
-46.429
-46.4864
-46.4219
-46.3614
-46.3349
-46.5323
-46.4296
-46.26
-46.5044
-46.4859
-46.2206
-45.9722
-46.0854
-45.887
-46.206
-45.9552
-46.1604
-45.914
-45.7819
-45.7016
-45.6419
-45.702
-45.7294
-45.3622
-45.8117
-45.9332
-45.9557
-45.8198
-45.7705
-45.5805
-45.4663
-45.9098
-45.9981
-46.2104
-46.1747
-45.8123
-46.0426
-46.3733
-46.4181
-46.1483
-46.3136
-46.2041
-45.9198
-46.4378
-46.6047
-46.2962
-46.2071
-46.4019
-46.426
-46.5148
-46.6038
-46.1803
-46.2771
-46.6784
-46.7765
-46.5545
-46.449
-46.3941
-46.4945
-46.5073
-46.5355
-46.1337
-46.0686
-46.4052
-46.368
-46.3152
-46.3295
-46.2109
-46.1052
-46.1976
-46.2943
-46.4474
-46.35
-46.4503
-46.0587
-45.901
-46.0483
-46.0656
-46.0971
-46.0209
-46.0292
-45.9433
-46.061
-45.8978
-45.953
-45.8346
-45.8066
-45.8475
-45.5037
-45.6142
-45.4
-45.2099
-45.3588
-45.1133
-44.9544
-44.6317
-44.3595
-44.5546
-44.4905
-44.3186
-43.9037
-44.0612
-44.2805
-43.9042
-43.8886
-44.1656
-43.8805
-43.7266
-43.5901
-43.7827
-43.6413
-43.6165
-43.4388
-43.574
-43.8502
-43.7593
-44.0007
-44.2721
-44.5379
-44.9155
-45.3318
-45.4353
-45.0838
-45.1505
-45.4643
-45.3564
-45.4449
-45.3758
-45.7363
-45.8418
-45.7505
-45.6177
-45.6288
-45.8232
-45.6599
-45.6142
-45.7443
-45.9012
-46.0569
-45.8075
-45.7403
-45.9772
-46.0438
-45.9346
-45.519
-45.9093
-46.0743
-45.8356
-45.7541
-45.6631
-45.816
-46.2596
-46.0855
-45.6871
-45.6873
-45.9182
-46.1498
-46.1773
-46.0674
-46.2322
-45.9125
-46.2298
-46.2981
-46.2366
-46.5003
-46.433
-46.3828
-46.3911
-46.4463
-46.2388
-46.5274
-46.5539
-46.5583
-46.3306
-46.35
-46.467
-46.5282
-46.439
-46.2659
-46.3294
-46.1124
-46.0677
-46.4393
-46.4833
-46.3276
-46.3079
-46.1996
-45.9305
-45.9574
-46.4888
-46.2755
-46.2374
-46.5221
-46.4158
-46.3347
-46.3372
-46.3267
-46.1539
-45.8981
-46.1478
-46.2481
-46.3192
-46.2977
-46.012
-46.1478
-46.2165
-46.1925
-46.0496
-45.9178
-46.0628
-46.3098
-46.1882
-46.0189
-46.2339
-45.9884
-45.771
-46.0009
-46.0749
-45.8861
-45.7844
-46.0632
-45.7243
-45.6815
-45.4744
-45.4945
-45.5023
-45.6586
-45.5627
-45.6774
-45.7293
-45.6266
-45.7601
-45.9457
-45.6778
-45.5166
-45.348
-45.5003
-45.4092
-45.4183
-45.5709
-45.4851
-45.5116
-45.5537
-45.862
-45.7415
-45.7142
-46.0856
-46.3359
-46.2505
-46.292
-46.3035
-46.3319
-46.465
-46.4488
-46.561
-46.6562
-46.3266
-46.649
-46.601
-46.8549
-46.6785
-46.6049
-46.4005
-46.5799
-46.9412
-46.6895
-46.634
-46.4608
-46.4105
-46.6633
-46.9478
-46.8382
-46.7921
-46.6322
-46.4328
-46.228
-46.5661
-46.8273
-46.7307
-46.904
-47.0283
-46.7577
-46.8655
-47.0042
-46.7343
-46.8844
-46.9559
-46.7166
-47.0546
-47.0485
-46.7917
-46.8878
-47.0908
-46.9838
-46.749
-46.7267
-46.9984
-47.1532
-46.8239
-46.6909
-46.4473
-46.7616
-46.8065
-46.8294
-46.84
-46.9983
-47.0921
-47.1489
-47.107
-47.2885
-47.4836
-47.4011
-47.0645
-46.8092
-46.9033
-46.872
-46.9677
-46.9797
-47.0267
-47.0253
-46.7511
-47.0227
-47.1897
-46.9273
-47.093
-47.3804
-47.1273
-47.0921
-47.0309
-47.0868
-47.2949
-47.33
-46.9389
-46.9298
-46.8631
-46.877
-46.8151
-46.7027
-46.9827
-47.0868
-47.2353
-46.9848
-46.949
-47.1434
-47.3486
-47.3669
-47.2651
-46.6462
-45.5975
-46.5737
-47.1187
-46.9304
-46.9822
-47.2934
-47.1191
-47.2396
-47.2554
-47.2146
-46.7787
-46.9284
-47.2316
-47.5307
-47.4292
-46.9534
-47.2715
-47.2137
-47.146
-47.3233
-47.2499
-47.2511
-47.1842
-47.1709
-46.9006
-47.1677
-47.2457
-47.1779
-47.1067
-46.9535
-46.8054
-47.0516
-47.0985
-47.2706
-47.3372
-47.0887
-47.0797
-46.967
-46.8896
-46.9372
-46.6807
-46.8636
-46.7664
-46.6687
-46.4647
-46.5846
-46.3889
-46.5687
-46.6867
-46.6627
-46.6212
-46.4465
-46.4781
-46.6017
-46.5072
-46.4187
-46.6727
-46.8733
-46.7212
-46.8173
-47.1507
-47.2176
-47.2713
-47.2905
-47.0597
-47.1614
-47.2323
-47.491
-47.4987
-47.3268
-47.5173
-47.3006
-47.6252
-47.4956
-47.6388
-47.4587
-47.9354
-47.6931
-47.9719
-47.7252
-47.4027
-47.9627
-47.6328
-47.6073
-47.4397
-47.6056
-47.943
-47.6768
-47.5778
-47.7157
-47.8908
-47.9486
-47.6198
-47.593
-47.3376
-47.5658
-47.6023
-47.8697
-47.8817
-47.6681
-47.723
-47.7994
-47.7157
-47.6576
-47.5711
-47.4204
-47.7852
-47.6099
-47.5127
-47.5536
-47.3482
-47.403
-47.6293
-47.8039
-47.829
-47.5564
-47.2468
-47.2743
-47.2711
-47.2815
-47.2913
-47.0253
-46.6999
-46.8422
-46.8354
-47.1097
-46.8362
-46.5162
-46.4132
-46.6018
-46.4514
-46.3461
-46.4959
-46.401
-46.4184
-46.5195
-46.5173
-46.7068
-46.9577
-46.7598
-46.5983
-46.7325
-46.931
-47.2723
-47.3174
-47.266
-47.6808
-47.7844
-47.8245
-47.9164
-47.5803
-47.5481
-47.7113
-47.7889
-47.7752
-47.9532
-47.968
-48.0364
-47.9046
-47.9932
-47.8016
-48.0981
-47.933
-47.8435
-47.7984
-48.1286
-48.0787
-47.9727
-47.9004
-47.4491
-47.601
-47.4071
-47.4713
-47.294
-47.1818
