-1.70055
-3.40202
-5.10029
-6.80025
-8.49091
-10.1815
-11.8982
-13.6072
-15.2963
-16.9913
-18.6938
-20.4108
-22.1171
-23.8219
-25.5235
-27.2246
-28.9215
-30.6153
-32.3186
-34.0126
-35.7115
-37.4178
-39.1262
-40.8349
-42.536
-42.2827
-42.0255
-41.7784
-41.5397
-41.312
-41.0839
-40.8259
-40.5751
-40.342
-40.1083
-39.8549
-39.5899
-39.3341
-39.0827
-38.8428
-38.5975
-38.353
-38.1332
-37.9059
-37.6796
-37.4425
-37.1893
-36.9426
-36.7019
-36.472
-36.2418
-36.02
-35.7912
-35.5473
-35.309
-35.0764
-34.8479
-34.6143
-34.3739
-34.1256
-33.8947
-33.6731
-33.4482
-33.2206
-32.9847
-32.7446
-32.5099
-32.2567
-32.011
-31.7641
-31.518
-31.2915
-31.0607
-30.8213
-30.5841
-30.3453
-30.082
-29.8298
-29.5901
-29.3544
-29.1008
-28.8402
-28.5959
-28.3621
-28.1295
-27.8704
-27.6156
-27.3566
-27.1154
-26.8703
-26.6405
-26.4041
-26.1613
-25.8999
-25.6459
-25.408
-25.1576
-24.8938
-24.6498
-24.3986
-24.1715
-23.9499
-23.7167
-23.4716
-23.2174
-22.974
-22.7427
-22.5064
-22.254
-21.9971
-21.7538
-21.5044
-21.2753
-21.0139
-20.7593
-20.5057
-20.2542
-20.0024
-19.7481
-19.497
-19.2409
-18.991
-18.7506
-18.5154
-18.2701
-18.0182
-17.7794
-17.5329
-17.2829
-17.0332
-16.7897
-16.5424
-16.3006
-16.0618
-15.8321
-15.6094
-15.3577
-15.0897
-14.8427
-14.5993
-14.3575
-14.1248
-13.8842
-13.6568
-13.4139
-13.158
-12.9189
-12.6805
-12.4345
-12.1941
-11.9512
-11.7106
-11.4658
-11.2274
-10.9966
-10.7585
-10.5077
-10.2604
-10.0146
-9.75852
-9.50837
-9.27329
-9.03677
-8.77699
-8.52057
-8.27369
-8.01839
-7.77464
-7.53419
-7.29892
-7.06641
-6.82225
-6.57869
-6.32829
-6.0759
-5.82865
-5.58668
-5.36178
-5.13381
-4.88422
-4.63589
-4.40175
-4.1659
-3.93829
-3.71965
-3.47955
-3.23902
-2.99853
-2.7803
-2.5509
-2.30233
-2.05685
-1.82129
-1.57934
-1.34183
-1.11444
-0.877987
-0.626057
-0.383022
-0.159237
-0.188263
-0.185448
-0.161903
-0.148705
-0.150013
-0.151402
-0.14616
-0.136547
-0.119785
-0.110214
-0.109447
-0.099472
-0.0970421
-0.0649872
-0.0434647
-0.0408363
-0.0458946
-0.0348358
-0.0160179
-0.0160446
-0.00820541
0.0133324
0.00605392
0.0167084
0.0221214
0.0467491
0.059639
0.0679398
0.0930367
0.124317
0.145046
0.180519
0.232925
0.258873
0.304359
0.360897
0.409573
0.453785
0.464516
0.478893
0.519482
0.560581
0.5937
0.608891
0.636875
0.67244
0.69302
0.699448
0.715885
0.736935
0.738121
0.7342
0.736752
0.717999
0.69482
0.704762
0.690983
0.669033
0.662144
0.647327
0.604782
0.561737
0.511116
0.460178
0.411148
0.371716
0.333027
0.299522
0.261158
0.225163
0.181114
0.147263
0.138432
0.117119
0.0809135
0.0622368
0.0522041
0.032814
0.0198593
0.0205956
-0.0017662
-0.0133972
-0.00497055
-0.00859451
-0.0346947
-0.0566063
-0.0621223
0.0552559
0.213722
0.308426
0.30616
0.294777
0.271652
0.268879
0.265285
0.26165
0.257385
0.242199
0.244911
0.24987
0.251587
0.256702
0.270683
0.28376
0.278763
0.265236
0.245438
0.205551
0.176296
0.17683
0.192268
0.192829
0.0696411
-0.0867119
-0.1782
-0.1838
-0.165886
-0.136047
-0.125904
-0.115597
-0.100357
-0.0996246
-0.0990677
-0.110931
-0.111656
-0.117451
-0.116688
-0.128635
-0.137257
-0.143429
-0.134838
-0.139858
-0.145084
-0.12439
-0.110435
-0.109287
-0.103828
-0.0963821
-0.0987549
-0.0986443
-0.0896301
-0.095005
-0.0996933
-0.0926056
-0.0890808
-0.0920525
-0.094368
-0.0796051
-0.0625114
-0.045414
-0.00541687
0.0394478
0.0670929
0.091671
0.11692
0.140274
0.163208
0.192459
0.199329
0.209961
0.235516
0.249607
0.276527
0.309593
0.326069
0.328415
0.339504
0.344448
0.349922
0.37093
0.388573
0.40538
0.416683
0.412453
0.413654
0.393188
0.345703
0.325188
0.292408
0.271946
0.256783
0.25827
0.245258
0.237011
0.212261
0.184151
0.158646
0.125256
0.0935555
0.0733566
0.0490685
0.032135
0.016922
0.00317001
-0.0150452
-0.0360756
-0.0516853
-0.0698929
-0.0739517
-0.0717888
-0.0609589
-0.0509224
-0.0606918
-0.0508118
-0.0450516
-0.0542908
-0.0762215
-0.0897713
-0.0904808
-0.0860329
-0.0903473
-0.0874977
-0.0844765
-0.0887604
-0.0841675
-0.0658493
-0.0717545
-0.0796242
-0.0846558
-0.0621109
-0.0272293
-0.0210037
-0.0181808
-0.022068
-0.0230331
-0.0314865
-0.0247917
-0.0170708
-0.00803757
0.000473022
0.0060463
0.0160942
0.027317
0.026226
0.0249786
0.0224953
0.0200462
0.0203972
0.0397758
0.0461044
0.035183
0.0463676
0.054306
0.05439
0.0115509
-0.0390434
-0.037117
-0.0213966
-0.0135345
-0.0286293
-0.028038
-0.033886
-0.0300598
-0.0314407
-0.035408
-0.0435448
-0.0389442
-0.040844
-0.0447884
-0.0452423
-0.0378532
-0.0315094
-0.03899
-0.0509109
-0.047821
-0.0334015
-0.032711
-0.0337791
-0.048008
-0.0341759
-0.0162048
-0.0242958
-0.0290947
-0.0272293
-0.00753784
0.00926971
0.0232925
0.0298615
0.0267792
0.014904
0.0371094
0.0446358
0.0626297
0.0718575
0.0700569
0.0615311
0.0424995
0.0457077
0.0631104
0.0612183
0.0445251
0.0442047
0.0421791
0.0506134
0.0384064
0.0231247
0.0161629
0.0149078
0.00382614
0.00817871
-0.00284576
-0.0236282
-0.0414772
-0.0519066
-0.0559158
-0.0712395
-0.0757828
-0.0806694
-0.0869102
-0.0911064
-0.097847
-0.0838394
-0.0817871
-0.105782
-0.124344
-0.130795
-0.132095
-0.120041
-0.116978
-0.11515
-0.114861
-0.109184
-0.110214
-0.102802
-0.129471
-0.176975
-0.202717
-0.201382
-0.203518
-0.208309
-0.222427
-0.241016
-0.253445
-0.263783
-0.273899
-0.276398
-0.301338
-0.308197
-0.305031
-0.302322
-0.304401
-0.310402
-0.314922
-0.313892
-0.315601
-0.319912
-0.317451
-0.325573
-0.34024
-0.34597
-0.344475
-0.340443
-0.353062
-0.34906
-0.331692
-0.321079
-0.306065
-0.289951
-0.275696
-0.260777
-0.260811
-0.25172
-0.245651
-0.236866
-0.224934
-0.217964
-0.203278
-0.211613
-0.214901
-0.20525
-0.183079
-0.175735
-0.16341
-0.152996
-0.156971
-0.14893
-0.139797
-0.135815
-0.135067
-0.14922
-0.155842
-0.160019
-0.181183
-0.193542
-0.19532
-0.179646
-0.169106
-0.154625
-0.161762
-0.161438
-0.152828
-0.156757
-0.150475
-0.134266
-0.12001
-0.11483
-0.11916
-0.115627
-0.105114
-0.0858498
-0.0698128
-0.0564499
-0.0214729
0.0001297
0.0331841
0.0746078
0.103069
0.134167
0.17717
0.220238
0.26506
0.322617
0.505798
0.857719
1.06047
1.11647
1.15586
1.1969
1.23528
1.26883
1.29229
1.31986
1.33172
1.34466
1.34698
1.35725
1.36842
1.35163
1.35357
1.33826
1.30115
1.2684
1.23422
1.19065
1.14452
1.10731
1.0487
0.853031
0.503613
0.300232
0.233799
0.179817
0.13271
0.0947227
0.046463
0.0181122
-0.0118332
-0.0390282
-0.0683937
-0.0968513
-0.138332
-0.178852
-0.2029
-0.233913
-0.241081
-0.246277
-0.252602
-0.263454
-0.269566
-0.27808
-0.303215
-0.316864
-0.338497
-0.354713
-0.360096
-0.352871
-0.347462
-0.356606
-0.382351
-0.395096
-0.419487
-0.435783
-0.452377
-0.465763
-0.456547
-0.456261
-0.449558
-0.442364
-0.43568
-0.433727
-0.441345
-0.437756
-0.437954
-0.44202
-0.436649
-0.435043
-0.434937
-0.421532
-0.417274
-0.424057
-0.437645
-0.449699
-0.443207
-0.440037
-0.417782
-0.380886
-0.377548
-0.363007
-0.34483
-0.321743
-0.308937
-0.305107
-0.294579
-0.295361
-0.31274
-0.31057
-0.303177
-0.296207
-0.287128
-0.278637
-0.269238
-0.251469
-0.235649
-0.206707
-0.174942
-0.158089
-0.149502
-0.143688
-0.12711
-0.126373
-0.12875
-0.110085
-0.0970726
-0.073513
-0.0533943
-0.00440598
0.0188065
0.0188637
0.033886
0.0620766
0.0939598
0.108982
0.127144
0.146431
0.17046
0.185909
0.195385
0.207603
0.207638
0.213486
0.240898
0.259609
0.282887
0.294243
0.290623
0.282482
0.290451
0.289124
0.28138
0.271366
0.251888
0.243111
0.248417
0.235645
0.220596
0.203835
0.193501
0.185658
0.165623
0.151096
0.136013
0.124874
0.113934
0.132099
0.116512
0.0726967
0.049015
0.0299911
0.0255814
0.0314789
0.0188026
0.00539017
0.00038147
-0.0152473
-0.0360069
-0.0423355
-0.0465736
-0.0397873
-0.0323219
-0.0363846
-0.0425835
-0.0467682
-0.0327377
-0.0107651
-0.0246849
-0.0248489
-0.0325546
-0.0449638
-0.0800171
-0.0919533
-0.0866356
-0.0983315
-0.115688
-0.127789
-0.151024
-0.145271
-0.151497
-0.154373
-0.149319
-0.129055
-0.109795
-0.107254
-0.126282
-0.141624
-0.144352
-0.147594
-0.154636
-0.167961
-0.180885
-0.173775
-0.174759
-0.170204
-0.160694
-0.169025
-0.173977
-0.171768
-0.153244
-0.136253
-0.135162
-0.13398
-0.14193
-0.134212
-0.125782
-0.133545
-0.152981
-0.160671
-0.155304
-0.13739
-0.0888672
-0.0328445
-0.0212746
-0.00779724
0.0371323
0.0481262
0.0534248
0.0737534
0.0861244
0.0736122
0.0732765
0.0921745
0.102428
0.108315
0.110352
0.115742
0.122894
0.123856
0.1105
0.100098
0.103374
0.116703
0.139515
0.15395
0.135544
0.0806351
0.0353775
0.0342178
0.0263138
-0.0188599
-0.0186424
-0.0238953
-0.0319481
-0.0303383
-0.0319939
-0.022007
-0.028656
-0.0344315
-0.0317612
-0.0287476
-0.0316658
-0.0198822
-0.0243988
-0.0296936
-0.0481949
-0.0490265
-0.0515022
-0.0691719
-0.0764046
-0.0696297
-0.0518951
-0.0499344
-0.0405998
-0.0316505
-0.0227623
-0.0291672
-0.0306358
-0.0371399
-0.0599556
-0.0599327
-0.0725403
-0.0811081
-0.082119
-0.0948868
-0.104492
-0.100578
-0.12719
-0.143581
-0.141701
-0.123581
-0.131821
-0.167175
-0.201134
-0.190216
-0.180054
-0.188747
-0.200165
-0.218231
-0.247543
-0.261707
-0.279293
-0.276489
-0.289757
-0.293873
-0.304821
-0.305183
-0.304241
-0.305988
-0.302345
-0.318058
-0.326752
-0.294125
-0.263504
-0.251949
-0.246449
-0.249142
-0.246597
-0.265873
-0.313953
-0.335987
-0.337929
-0.345863
-0.347168
-0.333298
-0.339348
-0.333111
-0.32954
-0.298252
-0.274937
-0.255234
-0.256653
-0.258099
-0.253086
-0.245377
-0.236485
-0.235104
-0.259811
-0.267857
-0.275578
-0.298626
-0.290894
-0.285629
-0.270454
-0.264431
-0.264156
-0.257725
-0.237171
-0.234753
-0.222256
-0.202103
-0.195744
-0.2034
-0.224648
-0.229301
-0.226414
-0.209484
-0.195786
-0.189266
-0.184406
-0.162811
-0.152073
-0.11385
-0.0735321
-0.0465279
-0.0138474
0.00919342
0.0320816
0.0505676
0.0561905
0.083519
0.115086
0.139191
0.183941
0.21817
0.258556
0.309345
0.350937
0.411903
0.475357
0.745678
1.18126
1.45237
1.503
1.52834
1.55577
1.58954
1.60656
1.60971
1.62804
1.64388
1.64248
1.64127
1.63376
1.63665
1.63594
1.63132
1.63357
1.61552
1.5711
1.51527
1.46588
1.42709
1.36892
1.31001
1.03367
0.584999
0.282867
0.226753
0.202553
0.153492
0.0919495
0.0414047
-0.00153732
-0.0328598
-0.0613213
-0.0803566
-0.112286
-0.145245
-0.162777
-0.186802
-0.224808
-0.26572
-0.293793
-0.2962
-0.298103
-0.311478
-0.31884
-0.326229
-0.334141
-0.334099
-0.297306
-0.248615
-0.252792
-0.274155
-0.276291
-0.259247
-0.275818
-0.287071
-0.305092
-0.309189
-0.314053
-0.306843
-0.29747
-0.286282
-0.284733
-0.27729
-0.274937
-0.275738
-0.256992
-0.233383
-0.227837
-0.237537
-0.242714
-0.251701
-0.251595
-0.289158
-0.316975
-0.324913
-0.321285
-0.31395
-0.322147
-0.31216
-0.307373
-0.302788
-0.295406
-0.286541
-0.292645
-0.289764
-0.289272
-0.294697
-0.28886
-0.272057
-0.26683
-0.275635
-0.299267
-0.308506
-0.290474
-0.275372
-0.264565
-0.267845
-0.277615
-0.285362
-0.275505
-0.262989
-0.252373
-0.244389
-0.23093
-0.209442
-0.188545
-0.192886
-0.189663
-0.145256
-0.0939903
-0.0459328
-0.00998306
-0.00445938
-0.0186386
0.00534439
0.0256462
0.0879135
0.131783
0.144958
0.145233
0.150105
0.167217
0.19965
0.23138
0.252018
0.258732
0.261246
0.274597
0.283611
0.293659
0.303707
0.316784
0.321949
0.327583
0.344913
0.346081
0.333778
0.322758
0.320797
0.299725
0.267845
0.210735
0.197308
0.203461
0.2024
0.201458
0.193302
0.178528
0.134365
0.102226
0.0997696
0.104362
0.0976944
0.0901184
0.0785446
0.056385
0.0411682
0.0234604
0.00636292
-0.00825119
-0.0460625
-0.0603943
-0.0609322
-0.0532722
-0.060524
-0.0513687
-0.0493851
-0.071167
-0.0977898
-0.110977
-0.123466
-0.128101
-0.134007
-0.11116
-0.0851593
-0.0991478
-0.121361
-0.130486
-0.138981
-0.143757
-0.151844
-0.155418
-0.147892
-0.145683
-0.124905
-0.0581055
-0.0468712
-0.0465508
-0.0467415
-0.0455933
-0.0626373
-0.0792847
-0.0843964
-0.0616035
-0.0554161
-0.0545692
-0.0658684
-0.0647545
-0.0696716
-0.086544
-0.0703621
-0.0541077
-0.0419312
-0.0264854
-0.0164337
0.00135803
0.00844193
0.0044899
0.0112991
-0.0139503
-0.074791
-0.0875511
-0.0875244
-0.0966797
-0.086834
-0.07341
-0.0653229
-0.0642357
-0.0880623
-0.0819092
-0.0763779
-0.0648079
-0.0570984
-0.0539818
-0.0420074
-0.0493469
-0.0485191
-0.0479317
-0.0447998
-0.0643463
-0.071579
-0.0645905
-0.0427589
-0.0465813
-0.0499611
-0.045002
-0.038044
-0.0319633
-0.026268
-0.0391998
-0.0355644
-0.0192719
-0.0137558
-0.00778198
-0.0261497
-0.0244064
-0.0270882
-0.0266685
-0.0215302
-0.0212059
-0.0160561
-0.0305595
-0.0362701
-0.0242233
0.0178871
0.0227547
0.0327415
0.025135
0.0236282
0.0139618
0.0164795
0.00607681
-0.00648117
-0.00833511
-0.00668335
-0.0106392
-0.0220261
-0.0227356
-0.0227356
-0.000675201
-0.0117836
-0.0177383
-0.0177422
-0.0269241
-0.041008
-0.066925
-0.0778847
-0.0895996
-0.114445
-0.154255
-0.178623
-0.21032
-0.230713
-0.234787
-0.237564
-0.244133
-0.243313
-0.228458
-0.221455
-0.227074
-0.235134
-0.246353
-0.250061
-0.262611
-0.290382
-0.301571
-0.306751
-0.320213
-0.335041
-0.342163
-0.330692
-0.315636
-0.306522
-0.315571
-0.319733
-0.315548
-0.307327
-0.309208
-0.305515
-0.302567
-0.316601
-0.320553
-0.32148
-0.331051
-0.34082
-0.358868
-0.359985
-0.359814
-0.348228
-0.33828
-0.3274
-0.311562
-0.258469
-0.211723
-0.209805
-0.208698
-0.208015
-0.214275
-0.223011
-0.230728
-0.220104
-0.21751
-0.20591
-0.209885
-0.203373
-0.188728
-0.190792
-0.184448
-0.177067
-0.173752
-0.15239
-0.129173
-0.114223
-0.113388
-0.113083
-0.104038
-0.113148
-0.154549
-0.185375
-0.181339
-0.181942
-0.169209
-0.15881
-0.147125
-0.130783
-0.119781
-0.0992966
-0.0720711
-0.0438728
-0.0227318
-0.00120163
0.0345879
0.0418243
0.0627365
0.101387
0.135605
0.163467
0.196434
0.243786
0.306171
0.348335
0.396393
0.446228
0.503414
0.561554
0.612736
0.645061
0.690586
0.739655
0.774418
0.791901
0.786499
0.775944
0.779518
0.778412
0.772896
0.761314
0.759949
0.75362
0.736671
0.731403
0.744938
0.732521
0.691803
0.643497
0.611538
0.572758
0.518318
0.462318
0.406704
0.352089
0.306927
0.269623
0.223232
0.179836
0.145325
0.13903
0.118305
0.0880127
0.0627937
0.0541306
0.0372009
0.0155563
-0.00521088
-0.0197678
-0.0493813
-0.0914001
-0.115505
-0.13554
-0.149803
-0.17078
-0.182327
-0.183235
-0.17918
-0.172726
-0.162388
-0.157726
-0.17041
-0.180054
-0.181755
-0.185841
-0.207653
-0.211475
-0.208439
-0.199631
-0.20089
-0.204788
-0.206913
-0.216148
-0.210632
-0.213963
-0.237431
-0.239769
-0.229034
-0.225708
-0.238071
-0.243771
-0.248768
-0.263142
-0.2701
-0.275105
-0.290218
-0.292778
-0.289413
-0.286667
-0.280632
-0.274883
-0.285442
-0.282425
-0.263763
-0.226406
-0.220604
-0.224583
-0.216614
-0.218174
-0.215084
-0.204117
-0.203999
-0.186028
-0.178898
-0.154564
-0.155834
-0.152618
-0.152203
-0.150105
-0.153156
-0.139835
-0.125504
-0.0971756
-0.097496
-0.0926781
-0.073288
-0.0522881
-0.052681
-0.0629196
-0.0954933
-0.0819473
-0.0520363
-0.0288391
-0.00672531
0.022316
0.0435944
0.0674591
0.0779533
0.11689
0.142799
0.175713
0.199429
0.229298
0.253281
0.271286
0.282135
0.286411
0.282967
0.303493
0.311535
0.314808
0.324348
0.346573
0.361744
0.368233
0.364166
0.363842
0.358418
0.343334
0.332249
0.326992
0.303242
0.285233
0.260624
0.234875
0.196629
0.152821
0.124691
0.106018
0.0926476
0.074234
0.0583916
0.0697823
0.0935364
0.0838852
0.0617714
0.0511742
0.0338974
0.00930405
-0.00234985
-0.0123482
-0.023571
-0.0309372
-0.0310249
-0.0447578
-0.0568848
-0.0594635
-0.061409
-0.0727997
-0.0765839
-0.0577507
-0.020546
0.00069046
0.000854492
-0.00259018
-0.00306702
-0.0135651
-0.052887
-0.0995293
-0.111031
-0.12067
-0.130283
-0.133507
-0.134995
-0.136185
-0.136772
-0.148487
-0.152927
-0.153042
-0.159122
-0.161995
-0.149918
-0.146465
-0.137852
-0.128258
-0.130978
-0.153996
-0.179642
-0.194206
-0.19046
-0.183598
-0.168049
-0.16502
-0.15263
-0.129189
-0.101917
-0.0901718
-0.0923157
-0.096489
-0.0927811
-0.0945663
-0.082901
-0.074234
-0.0682487
-0.0562592
-0.0526428
-0.0478439
-0.0520859
-0.0627441
-0.079834
-0.080555
-0.0338936
0.0137367
0.0300941
0.0394897
0.042614
0.0426369
0.0461731
0.0383339
0.0234299
0.0162697
0.0153961
0.0156975
0.0420227
0.0478134
0.067318
0.0784531
0.0752068
0.0809937
0.0891991
0.102032
0.0982933
0.095047
0.0999107
0.108379
0.118603
0.0874672
0.0596581
0.0553474
0.0529175
0.0545769
0.0480804
0.0550537
0.0735703
0.0834312
0.0983124
0.106361
0.109707
0.0969887
0.0856743
0.0744476
0.0595398
0.0406876
0.0242157
0.0214005
0.0136299
0.00919724
0.0141792
-0.00167084
-0.00797653
-0.0100746
-0.0172691
-0.0122681
0.00210571
0.0133209
0.0204048
0.0317001
0.0243111
-0.00608826
-0.0142403
-0.0273552
-0.049614
-0.0554466
-0.0567818
-0.0486717
-0.048172
-0.0565796
-0.0472717
-0.0426979
-0.0496368
-0.0228424
-0.0196838
-0.0292625
-0.0219574
-0.0079155
-0.00678635
-0.0113144
-0.027504
-0.0517616
-0.070816
-0.0792007
-0.0920029
-0.108524
-0.105305
-0.111954
-0.12627
-0.118103
-0.119492
-0.119114
-0.118607
-0.121876
-0.117504
-0.117893
-0.120838
-0.133076
-0.164948
-0.17868
-0.17448
-0.169758
-0.170624
-0.17556
-0.173328
-0.171112
-0.15918
-0.134857
-0.122284
-0.109699
-0.0974197
-0.0801392
-0.0475578
-0.0288391
-0.0244026
-0.0139351
-0.00598526
-0.0143776
-0.0262871
-0.0343056
-0.040741
-0.0489616
-0.0415001
-0.0407524
-0.0326462
-0.0261536
-0.0157547
-0.0114365
-0.0120773
-0.0121689
-0.00705719
-0.0087738
-0.0188904
-0.0187759
-0.00804901
0.0151711
0.011734
-0.00374222
-0.0062561
0.0147705
0.0295029
0.0512543
0.102085
0.146484
0.185276
0.217392
0.25526
0.298737
0.343666
0.378693
0.40913
0.449669
0.482105
0.526482
0.586811
0.649807
0.700581
0.72361
0.747707
0.784599
0.822723
0.879654
0.918163
0.932419
0.928543
0.92786
0.914001
0.890747
0.872658
0.859703
0.845734
0.838421
0.813801
0.777466
0.736176
0.709148
0.672745
0.64109
0.603809
0.540089
0.439804
0.350407
0.296886
0.256348
0.209232
0.159191
0.0908966
0.0375175
0.0163307
-0.00470734
-0.0160255
-0.0298271
-0.0528336
-0.066597
-0.0793266
-0.0869217
-0.110065
-0.114948
-0.115608
-0.120014
-0.136021
-0.148014
-0.170002
-0.191055
-0.198284
-0.203236
-0.206657
-0.206425
-0.210922
-0.218063
-0.205868
-0.174873
-0.169609
-0.174053
-0.176331
-0.206093
-0.454269
-0.687778
-0.944271
-1.19492
-1.43422
-1.67479
-1.93893
-2.19139
-2.42942
-2.67594
-2.94217
-3.18663
-3.40336
-3.6221
-3.85691
-4.10323
-4.34881
-4.58928
-4.84702
-5.11563
-5.38079
-5.61143
-5.84039
-6.08785
-6.31455
-6.55985
-6.81288
-7.0416
-7.26122
-7.5047
-7.7402
-7.97874
-8.22744
-8.47079
-8.7019
-8.92014
-9.15624
-9.40478
-9.66579
-9.91289
-10.153
-10.3914
-10.6388
-10.8665
-11.0996
-11.3539
-11.6039
-11.8366
-12.0485
-12.2758
-12.5056
-12.7166
-12.6998
-12.6245
-12.7208
-12.9596
-13.1896
-13.4078
-13.6217
-13.8341
-14.0524
-14.2756
-14.5089
-14.7092
-14.903
-15.1237
-15.3616
-15.5834
-15.808
-16.0342
-16.2461
-16.4754
-16.7357
-16.9975
-17.2542
-17.5017
-17.7758
-18.2775
-18.8525
-19.2334
-19.4796
-19.7278
-19.9749
-20.2302
-20.4958
-20.7559
-21.0137
-21.2795
-21.5587
-21.8428
-22.1083
-22.3643
-22.6319
-22.8883
-23.1472
-23.4291
-23.6992
-23.9327
-24.1579
-24.4092
-24.6562
-24.9064
-25.1665
-25.4181
-25.6666
-25.9177
-26.162
-26.4241
-26.6922
-26.9522
-27.2075
-27.4599
-27.6978
-27.9507
-28.2025
-28.4538
-28.6955
-28.9345
-29.1972
-29.4482
-29.6796
-29.9232
-30.1785
-30.4339
-30.6519
-30.8871
-31.1298
-31.3556
-31.5959
-31.8504
-32.088
-32.3226
-32.528
-32.7517
-33.004
-33.2482
-33.4752
-33.7201
-33.951
-34.1863
-34.4144
-34.6517
-34.8912
-35.1231
-35.357
-35.5915
-35.835
-36.087
-36.3347
-36.5939
-36.8326
-37.057
-37.2966
-37.5342
-37.7752
-38.0192
-38.26
-38.5223
-38.7738
-39.0026
-39.2377
-39.4853
-39.7295
-39.9652
-40.1769
-40.3844
-40.6053
-40.8404
-41.0852
-41.3304
-41.5731
-41.8088
-42.0364
-42.2695
-42.5008
-40.8092
-39.1182
-37.4193
-35.7172
-34.0114
-32.3124
-30.617
-28.9225
-27.2212
-25.5186
-23.8236
-22.1253
-20.4172
-18.7192
-17.0179
-15.3155
-13.6171
-11.9196
-10.211
-8.50327
-6.80091
-5.09166
-3.39035
-1.69605
0
