-1.70042
-3.40252
-5.1004
-6.80426
-8.50284
-10.1965
-11.8977
-13.5909
-15.28
-16.9847
-18.6862
-20.392
-22.0835
-23.7867
-25.4956
-27.1971
-28.8942
-30.593
-32.2922
-33.9989
-35.6973
-37.3959
-39.0851
-40.7767
-42.4772
-42.2299
-41.9746
-41.7385
-41.4955
-41.2707
-41.0494
-40.8329
-40.611
-40.3869
-40.142
-39.9043
-39.666
-39.432
-39.1915
-38.9403
-38.6981
-38.464
-38.2337
-38.0015
-37.7584
-37.5089
-37.2614
-37.0209
-36.7894
-36.5557
-36.3158
-36.102
-35.8575
-35.6167
-35.3752
-35.1357
-34.8772
-34.6212
-34.3741
-34.141
-33.9092
-33.6629
-33.4259
-33.1775
-32.9458
-32.7142
-32.4764
-32.2417
-31.984
-31.7342
-31.494
-31.2547
-31.0239
-30.778
-30.5197
-30.2801
-30.0272
-29.7925
-29.5616
-29.3214
-29.0771
-28.8401
-28.6016
-28.3674
-28.1088
-27.8492
-27.6188
-27.3927
-27.156
-26.9173
-26.6742
-26.4315
-26.1601
-25.9197
-25.6774
-25.453
-25.2143
-24.9727
-24.7398
-24.5048
-24.2704
-24.024
-23.7622
-23.4899
-23.2323
-22.9807
-22.7265
-22.4757
-22.2149
-21.9679
-21.7333
-21.4757
-21.2122
-20.964
-20.7016
-20.4416
-20.1947
-19.9601
-19.7186
-19.4809
-19.2385
-19.0028
-18.7673
-18.5038
-18.2494
-18.0089
-17.7848
-17.5648
-17.3404
-17.1072
-16.8562
-16.6027
-16.3556
-16.1248
-15.8894
-15.6338
-15.3885
-15.1319
-14.8844
-14.6324
-14.3921
-14.1295
-13.8717
-13.6193
-13.362
-13.095
-12.8435
-12.5705
-12.3361
-12.1109
-11.8742
-11.6314
-11.3828
-11.1262
-10.8641
-10.62
-10.3894
-10.1476
-9.9043
-9.65351
-9.41092
-9.1544
-8.90499
-8.65401
-8.42313
-8.16602
-7.91819
-7.66973
-7.43396
-7.20275
-6.97618
-6.73117
-6.49752
-6.24121
-5.99047
-5.75011
-5.51706
-5.28152
-5.05185
-4.82556
-4.58903
-4.34015
-4.08663
-3.83806
-3.59612
-3.35779
-3.1212
-2.88868
-2.64835
-2.40162
-2.17817
-1.94363
-1.71529
-1.46753
-1.22094
-0.974754
-0.731476
-0.492535
-0.267845
-0.0261765
-0.0166397
-0.00585175
0.0054512
0.0143852
0.0288467
0.0506973
0.0609398
0.0644798
0.086071
0.0832138
0.0850792
0.0778122
0.0886765
0.206795
0.406124
0.490005
0.496353
0.500465
0.492115
0.495445
0.5042
0.510044
0.510162
0.501427
0.498386
0.488281
0.477852
0.464081
0.456219
0.45554
0.444626
0.434116
0.426373
0.411167
0.411934
0.411873
0.411011
0.395729
0.280468
0.0758553
0.00325012
-0.012188
-0.0241356
-0.0120926
-0.0195274
-0.0335732
-0.0484467
-0.0479355
-0.0348396
-0.0216751
-0.0147171
-0.00327682
0.0135155
0.0370369
0.0411797
0.0335846
0.047863
0.0402908
0.0414162
0.0508881
0.0726128
0.0889359
0.101105
0.0920448
0.102444
0.107876
0.117653
0.121189
0.11272
0.121239
0.119545
0.124901
0.125534
0.117008
0.106468
0.118
0.118431
0.118134
0.101746
0.098053
0.101143
0.0979652
0.0993652
0.0926704
0.0688133
0.051815
0.0452423
0.0362663
0.0445404
0.0447235
0.0456505
0.0437546
0.0508461
0.0476494
0.0315475
0.0382767
0.0418205
0.0382385
0.042717
0.0461617
0.0327835
0.0250969
0.0192108
0.0221939
0.019516
0.0209694
0.00304794
0.000965118
0.00521851
0.0186653
0.0192795
0.0168571
0.0188141
0.0179558
0.0124588
-0.0042038
-0.0119209
-0.0182724
-0.00751114
-0.00460434
-0.00957108
-0.0181313
-0.0183105
-0.00228882
0.00622559
0.0283394
0.0565643
0.0740089
0.0797768
0.0798035
0.067524
0.0820351
0.101967
0.105106
0.111206
0.110527
0.0988731
0.0836372
0.0750237
0.0673294
0.0619698
0.067337
0.0746803
0.0752716
0.0949059
0.106785
0.119678
0.128635
0.115425
0.106583
0.113441
0.108665
0.0999908
0.0920792
0.103706
0.113537
0.10611
0.0655899
0.0516853
0.042614
0.039505
0.0428886
0.0370865
0.0379562
0.0554466
0.0649033
0.0619621
0.0507622
0.0499802
0.0467911
0.0713692
0.0866432
0.0801926
0.0881424
0.0958023
0.0870285
0.0868683
0.0849304
0.0807877
0.0745506
0.0822983
0.081356
0.0982933
0.0973129
0.0983925
0.0997276
0.102879
0.119572
0.109398
0.0983009
0.0961647
0.0855293
0.0882034
0.0827599
0.083786
0.0627937
0.035202
0.028759
0.020874
0.0120201
0.00983429
0.00948334
0.00798798
0.0198021
0.0217438
0.0173149
0.0262222
0.0186768
0.0316658
0.0425377
0.0463066
0.0397835
0.0369186
0.056057
0.0577698
0.0489502
0.0597649
0.06847
0.0810242
0.0692825
0.0484657
0.0615311
0.0752029
0.0841026
0.101448
0.102303
0.10601
0.120247
0.112659
0.111866
0.103752
0.0887146
0.0865135
0.0817871
0.0690193
0.0476532
0.0460014
0.048008
0.0412178
0.0500259
0.0542221
0.0385971
0.0221977
0.0122337
0.0200882
0.0265007
0.0151863
-0.00443649
-0.0175362
-0.0259132
-0.0184708
-0.0232239
-0.0428658
-0.0364189
-0.0269547
-0.028038
-0.0243759
-0.0115585
-0.0145187
-0.0132027
-0.00200272
-0.00403214
-0.0173416
-0.0175018
-0.0255318
-0.0126152
0.00199127
-0.000553131
-0.0111847
-0.0209465
-0.0135841
-0.0229149
-0.012104
-0.00353241
0.00125122
-0.0143852
-0.0261993
-0.0147934
-0.0244675
-0.0446091
-0.041111
-0.0339508
-0.0277481
-0.00930786
-0.00390625
0.00870514
0.0227585
0.0380249
0.045002
0.0439224
0.0410194
0.0295105
0.0371284
0.0472069
0.0578079
0.0571671
0.0593643
0.0505066
0.0410995
0.0263672
0.0285034
0.0433464
0.0436478
0.0559082
0.0730667
0.0736656
0.0492668
0.0365219
0.0258331
0.0234642
0.00888062
0.000640869
-0.0153008
-0.0185242
-0.03088
-0.0434151
-0.0365067
-0.0472183
-0.0445175
-0.0406799
-0.0355835
-0.0316429
-0.0390472
-0.0411453
-0.0479317
-0.045105
-0.047245
-0.0622711
-0.0752106
-0.0822296
-0.100998
-0.0925941
-0.095562
-0.106663
-0.113335
-0.101715
-0.0964127
-0.0878105
-0.0906296
-0.0769882
-0.0696411
-0.0676765
-0.0558853
-0.0559349
-0.0769196
-0.0901871
-0.0755081
-0.0619087
-0.0576286
-0.0422249
-0.0383148
-0.0381012
-0.031517
-0.0375061
-0.0387993
-0.0147133
-0.00702667
0.00189209
0.0246887
0.0496101
0.0417633
0.049263
0.0512581
0.0567398
0.0672531
0.0713768
0.0730171
0.0720558
0.0689354
0.0860062
0.0950508
0.0893173
0.0920677
0.0945778
0.0753059
0.0625534
0.0715408
0.0830231
0.0859222
0.0789871
0.0655212
0.0694885
0.0540314
0.029171
0.0142288
0.0283165
0.0273285
0.0263367
0.00543213
-0.0255013
-0.0267029
-0.0239258
-0.0171623
-0.022831
-0.033535
-0.032795
-0.0392342
-0.0629158
-0.0603371
-0.0472145
-0.0388832
-0.0379829
-0.035881
-0.0369568
-0.0364838
-0.0209236
-0.0121002
-0.00743484
-0.0124092
-0.0199394
-0.0198364
-0.0128975
-0.00136185
0.013855
0.0266571
0.0113068
0.0014534
-0.00355148
-0.0101585
0.00137711
0.00128174
0.00739288
0.029808
0.0127258
0.00374222
0.00291061
0.00759506
0.00866699
0.00871658
0.00943756
0.00567245
-0.00753403
-0.0139771
-0.020874
-0.031105
-0.0584908
-0.0849724
-0.0933838
-0.102432
-0.104889
-0.0970154
-0.0973778
-0.099041
-0.0984306
-0.11224
-0.111198
-0.105518
-0.105801
-0.101803
-0.107201
-0.111736
-0.111492
-0.101467
-0.0995674
-0.102966
-0.111202
-0.103703
-0.082489
-0.065052
-0.0491371
-0.0245514
0.00175476
-0.00477219
-0.00814056
-0.0162888
-0.0254593
-0.0149651
-0.0137215
-0.0115967
-0.00105667
0.00697708
-0.00413513
-0.0145111
-0.0198364
-0.0222473
-0.0211067
-0.0212059
-0.0364113
-0.0327759
-0.0270195
-0.0249329
-0.0394974
-0.0590553
-0.0750504
-0.0771065
-0.0804176
-0.0864754
-0.0729675
-0.0768242
-0.0724792
-0.0553818
-0.0644379
-0.0634155
-0.0584984
-0.0625954
-0.0661163
-0.0632858
-0.0668335
-0.068058
-0.0623055
-0.0589142
-0.0556946
-0.0440559
-0.0403175
-0.0371819
-0.0255814
-0.0124283
-0.00995255
0.00206757
-0.0020752
-0.00508499
-0.00359726
-0.00537491
0.00160599
-0.00733948
-0.0138321
-0.0042572
-0.00590515
-0.0173683
-0.0313606
-0.0441322
-0.0463524
-0.029068
-0.0159264
-0.00456619
-0.0156631
-0.0352821
-0.0552521
-0.0596504
-0.0677834
-0.0711632
-0.0582771
-0.0293999
-0.0098381
0.00155258
0.000419617
-0.000797272
-0.00598145
-0.00847626
0.0170898
0.0272751
0.0207977
0.0213509
0.0295181
0.0414505
0.0435371
0.0409813
0.0362854
0.0280571
0.0124283
0.0248642
0.0396042
0.0489655
0.0380592
0.0294571
0.0217133
0.0128784
0.00284958
-0.00622559
-0.0101204
-0.00792313
-0.0161057
-0.0155029
-0.00977325
-0.0265465
-0.030735
-0.0147591
-0.00912094
-0.0177879
-0.0192833
-0.0219994
-0.0272827
-0.0365372
-0.0357094
-0.0306511
-0.0308723
-0.0408897
-0.0480309
-0.0454521
-0.027523
-0.037117
-0.0459175
-0.050354
-0.0542068
-0.0557213
-0.0515289
-0.0497665
-0.0535927
-0.0605545
-0.0525742
-0.0453224
-0.0433121
-0.0577164
-0.0452728
-0.0434113
-0.0321007
-0.0338745
-0.0272141
-0.0271873
-0.0109787
-0.00238037
0.0092659
0.0096283
0.015274
0.011795
0.0329514
0.0658226
0.0680504
0.0697403
0.0687828
0.0628204
0.0522804
0.0530472
0.0660858
0.0624619
0.0518646
0.0505524
0.0686111
0.07061
0.0764656
0.0669174
0.0781784
0.0732956
0.0871124
0.0924568
0.0640106
0.0483284
0.0470886
0.0437012
0.028698
0.0115013
-0.0308113
-0.039299
-0.045723
-0.0458374
-0.0476646
-0.0400047
-0.0385933
-0.0539627
-0.0632782
-0.0617676
-0.0678978
-0.0664825
-0.0726204
-0.0814514
-0.0726509
-0.0724907
-0.061348
-0.0636787
-0.0682411
-0.0491333
-0.0559273
-0.0616913
-0.0573158
-0.0558662
-0.0503769
-0.0405579
-0.0427971
-0.0403633
-0.0404816
-0.0346718
-0.0305138
-0.0308571
-0.0078125
0.0213318
0.0143547
-0.00223923
-0.0156555
-0.0122032
-0.00325394
-0.00649261
0.00769806
0.0193367
0.0166359
0.00746918
0.00938797
0.021019
0.0273705
0.0321846
0.0389748
0.0410805
0.0406151
0.0350685
0.0379677
0.0348473
0.0264549
0.0241661
0.0290794
0.018322
0.00120163
0.00938416
0.0248299
0.0298882
0.0250626
0.0192261
0.021904
0.00424957
-0.0208015
-0.0197754
-0.046627
-0.103878
-0.138706
-0.137306
-0.145489
-0.149647
-0.162754
-0.160145
-0.153313
-0.15863
-0.159111
-0.154446
-0.158249
-0.17075
-0.168659
-0.154083
-0.147438
-0.156479
-0.160648
-0.155861
-0.151493
-0.163811
-0.173302
-0.162296
-0.157959
-0.146835
-0.14077
-0.145275
-0.147579
-0.130798
-0.113159
-0.095665
-0.0918846
-0.0751686
-0.0574989
-0.0633926
-0.0673027
-0.0606461
-0.0465317
-0.035759
-0.0334587
-0.0284424
-0.0188103
-0.0178986
-0.0202408
-0.0165176
-0.0106506
-0.00863266
-0.00802612
-0.0120354
-0.0225601
-0.0293579
-0.0184937
-0.0128632
-0.0165825
-0.0294266
-0.03545
-0.031414
-0.0364494
-0.0449257
-0.0318489
-0.0208817
-0.0128174
-0.0190659
-0.0262489
-0.0350876
-0.0526962
-0.0553246
-0.0458717
-0.0380936
-0.0414543
-0.0365944
-0.0188637
-0.0168457
-0.0183907
-0.0125961
-0.00566101
-0.009552
-0.0140762
-0.0178757
-0.00238037
0.000549316
-0.0094986
-0.0098381
-0.00482178
-0.00383759
-0.0107002
-0.0150185
0.212055
0.600853
0.823135
0.823235
0.814148
0.80365
0.80481
0.801903
0.795197
0.782379
0.771343
0.762478
0.765884
0.780102
0.787693
0.795826
0.785942
0.780773
0.786148
0.798241
0.792149
0.788399
0.78714
0.788612
0.781342
0.550865
0.166103
-0.0626068
-0.0656738
-0.0685272
-0.0583878
-0.056385
-0.0551376
-0.0627785
-0.0538902
-0.0475998
-0.0385056
-0.0517006
-0.0692062
-0.0722504
-0.0778198
-0.0709267
-0.0727654
-0.0727081
-0.0720901
-0.080471
-0.0809975
-0.079071
-0.0878143
-0.0912132
-0.0786057
-0.0857239
-0.0933418
-0.0861282
-0.0819435
-0.102375
-0.127827
-0.135174
-0.108109
-0.0942307
-0.0919189
-0.0922432
-0.0950165
-0.0901413
-0.07687
-0.0576286
-0.0413132
-0.0523491
-0.0698547
-0.0749588
-0.066349
-0.0739517
-0.0901871
-0.0891724
-0.0828285
-0.0957794
-0.111515
-0.115105
-0.123749
-0.12138
-0.110573
-0.089817
-0.0821342
-0.102585
-0.126118
-0.136589
-0.144516
-0.141579
-0.143677
-0.153957
-0.17511
-0.193268
-0.179134
-0.164223
-0.167255
-0.162136
-0.155228
-0.142479
-0.134327
-0.124001
-0.120815
-0.10791
-0.0879822
-0.0842056
-0.0916252
-0.100368
-0.11018
-0.102596
-0.0891647
-0.0673447
-0.0492363
-0.0351257
0.00588989
0.062973
0.0947914
0.0964355
0.10117
0.104492
0.0944901
0.092514
0.0814285
0.075798
0.0698624
0.0808258
0.0730095
0.0661011
0.0638504
0.0481339
0.0492325
0.0528412
0.0567818
0.0500679
0.03302
0.0193939
0.00976562
-0.00562668
-0.0115051
-0.0147858
-0.0176048
-0.0253792
-0.0281677
-0.0384483
-0.0492554
-0.0400772
-0.0361099
-0.0331497
-0.039341
-0.0506554
-0.0711632
-0.0686188
-0.0695381
-0.0788383
-0.075985
-0.0644417
-0.0705414
-0.0648689
-0.0539207
-0.0440598
-0.029892
-0.0351906
-0.0409546
-0.0469208
-0.0617752
-0.0615616
-0.0612602
-0.0615044
-0.0586243
-0.0572052
-0.0640259
-0.0627022
-0.0622139
-0.0533981
-0.0405312
-0.0436668
-0.0597572
-0.0531921
-0.0523033
-0.0412788
-0.029644
-0.00870132
0.00378418
0.0153847
0.0125542
0.00666809
0.0129929
0.0285187
0.0407944
0.0592003
0.055809
0.0672531
0.0760231
0.0808792
0.0847702
0.101215
0.0961647
0.0944481
0.0851135
0.0828285
0.0828094
0.0756989
0.0606995
0.0653572
0.0547218
0.0336609
0.0324211
0.0198975
-0.000534058
0.00545502
0.0060463
0.00262833
0.00852203
0.0025444
0.00475311
0.0077858
-0.0050354
-0.0206985
-0.0333633
-0.0369568
-0.0496445
-0.0408707
-0.0306625
-0.0264053
-0.0312805
-0.0256081
-0.014595
0.000762939
0.00776672
0.0135689
-0.000659943
-0.0210342
-0.0231133
-0.017765
-0.0262756
-0.046711
-0.0558701
-0.0690613
-0.0724945
-0.074894
-0.0650826
-0.0612984
-0.0634766
-0.0466309
-0.0479622
-0.0524521
-0.0584869
-0.0631561
-0.0630989
-0.0594978
-0.0478477
-0.038456
-0.0440521
-0.050457
-0.0591812
-0.0551491
-0.0501862
-0.053894
-0.0713234
-0.0795555
-0.0558395
-0.0474892
-0.0292778
-0.0191689
-0.0194931
-0.0414429
-0.0470276
-0.0212059
-0.0123978
-0.0151672
-0.010582
-0.0104523
-0.0106888
-0.0110664
-0.0123634
-0.0264053
-0.041378
-0.0400314
-0.0375137
-0.0249443
-0.0164032
-0.0100212
-0.00979996
-0.00241852
0.0048027
-0.0120697
-0.0186272
-0.0403175
-0.046402
-0.0348701
-0.0274086
-0.032032
-0.0497322
-0.0659142
-0.0689354
-0.0761375
-0.0852776
-0.0843773
-0.0781784
-0.0931015
-0.100998
-0.0919685
-0.0945892
-0.0946198
-0.100731
-0.0980911
-0.107788
-0.107048
-0.102676
-0.106934
-0.0993614
-0.093895
-0.090313
-0.0855751
-0.103493
-0.106712
-0.0981255
-0.091053
-0.0847206
-0.0841026
-0.0729103
-0.0592041
-0.0560722
-0.055954
-0.0475311
-0.0364151
-0.0370941
-0.0320282
-0.0240097
-0.0198555
-0.0246696
-0.0145645
-0.00879288
-0.00583267
0.00556183
0.0108681
0.0122452
0.00674438
-0.00481796
-0.00338745
-0.00572205
0.00922012
0.0250092
0.035717
0.0482559
0.0475807
0.0462532
0.0470886
0.0391617
0.0476112
0.0570717
0.0574112
0.0469513
0.0379982
0.0122566
-0.00477219
-0.023243
-0.0265007
-0.0196152
-0.0233803
-0.0339584
-0.0383034
-0.0344276
-0.0211716
-0.0279846
-0.0336723
-0.0483131
-0.0547829
-0.0706062
-0.0647697
-0.056488
-0.0571861
-0.065033
-0.0575447
-0.0564232
-0.0723801
-0.0740318
-0.0563545
-0.063385
-0.0584946
-0.0536537
-0.0440941
-0.0486221
-0.054245
-0.0589523
-0.0490913
-0.0457954
-0.0395317
-0.0469589
-0.0492134
-0.0481453
-0.0428123
-0.048008
-0.0404167
-0.0561981
-0.0700569
-0.0658112
-0.0656281
-0.0692482
-0.0727768
-0.0794945
-0.0694847
-0.0752296
-0.0674591
-0.0755272
-0.0867004
-0.0835075
-0.0765419
-0.0667763
-0.0587196
-0.0613632
-0.0547638
-0.0493088
-0.0392532
-0.0352592
-0.0295105
-0.0368385
-0.0411186
-0.0426407
-0.0429535
-0.0561943
-0.0748596
-0.082222
-0.0830765
-0.0833282
-0.066967
-0.0548668
-0.0513191
-0.0622292
-0.0506058
-0.0344772
-0.0329437
-0.0286636
-0.0316696
-0.0445671
-0.054966
-0.068985
-0.0794296
-0.0916176
-0.0956268
-0.0808449
-0.0393791
0.0437698
0.149063
0.214996
0.25359
0.280449
0.281982
0.289948
0.302544
0.292564
0.26466
0.254951
0.250362
0.245518
0.247612
0.240417
0.232178
0.231998
0.242706
0.256779
0.257973
0.242268
0.224464
0.220707
0.22509
0.192371
0.0939789
-0.0224686
-0.0875816
-0.115826
-0.131828
-0.112411
-0.118599
-0.131512
-0.12928
-0.117126
-0.117874
-0.112034
-0.108662
-0.106037
-0.110424
-0.107574
-0.102913
-0.116779
-0.123985
-0.108486
-0.0813065
-0.0542679
-0.0509148
-0.0680389
-0.073761
-0.0666313
-0.0664482
-0.0576744
-0.0585022
-0.0547752
-0.0594902
-0.0603218
-0.0529747
-0.0423889
-0.0409584
-0.032795
-0.0133247
-0.00253296
-0.00135422
-0.0055809
-0.00615692
-0.0250664
-0.0319252
-0.0425873
-0.0673256
-0.0765457
-0.0840607
-0.0669975
-0.0655022
-0.0625916
-0.0683861
-0.082283
-0.0970802
-0.0832939
-0.0874748
-0.0949974
-0.0883026
-0.0858574
-0.0857315
-0.0881882
-0.0998306
-0.126663
-0.137226
-0.132801
-0.117813
-0.123352
-0.11874
-0.106232
-0.0887871
-0.0694199
-0.0645256
-0.0587997
-0.0776291
-0.0770493
-0.0740776
-0.0627823
-0.0472527
-0.0389633
-0.0399628
-0.0343857
-0.0285301
-0.0262871
-0.0217819
-0.0240059
-0.0197601
-3.8147e-06
0.0277672
0.0458832
0.0516357
0.0517731
0.0608215
0.0680122
0.074028
0.0643349
0.055603
0.0576096
0.0594292
0.065094
0.0619507
0.0548058
0.0511589
0.0511017
0.0606041
0.0647202
0.070015
0.0621643
0.0502548
0.0399323
0.0260391
0.0218582
0.0132217
0.00276184
0.00251389
0.00715256
-0.00466919
-0.0149422
-0.0119247
-0.00856018
-0.00942612
-0.0116653
-0.0222435
-0.0349693
-0.0403214
-0.0422363
-0.0378151
-0.0343781
-0.0286026
-0.0358238
-0.0365944
-0.0411186
-0.0390511
-0.0375977
-0.0366783
-0.0307579
-0.0319214
-0.0206375
-0.00674057
0.00276566
0.00105667
0.0131912
0.0322952
0.0268822
0.0235748
0.033535
0.054718
0.0726738
0.0771103
0.0839767
0.100872
0.109127
0.112858
0.114708
0.120213
0.121578
0.132927
0.141335
0.155529
0.168304
0.188309
0.201195
0.195034
0.18206
0.167149
0.149487
0.15612
0.144112
0.151958
0.15107
0.148949
0.122345
0.108055
0.119667
0.12915
0.126102
0.114655
0.110439
0.11467
0.121456
0.110191
0.0934067
0.08535
0.0749435
0.0614662
0.045929
0.0295181
0.0210571
0.0237961
0.0440521
0.0632896
0.0606995
0.0697479
0.0713615
0.0774422
0.0757675
0.0821991
0.080513
0.0557404
0.0463104
0.0344658
0.0352364
0.0360184
0.0321312
0.0196571
0.0231628
0.0297089
0.0386963
0.0557861
0.0634651
0.0723724
0.0803032
0.0828629
0.0979118
0.108734
0.11536
0.116699
0.101727
0.0959816
0.102345
0.116421
0.129639
0.132145
0.145302
0.144768
0.156494
0.15242
0.146702
0.144314
0.148048
0.152866
0.161205
0.159531
0.143974
0.144653
0.147671
0.137192
0.136318
0.111439
0.0840874
0.0680656
0.0672874
0.0662537
0.0426216
0.0153732
0.00593185
-0.00136185
-0.00605011
0.000564575
-0.0205116
-0.0638008
-0.0872993
-0.0768547
-0.0792465
-0.0714951
-0.0752983
-0.0777168
-0.0779343
-0.072155
-0.070694
-0.0774117
-0.0739441
-0.0644875
-0.0457306
-0.0405312
-0.0281487
-0.0260048
-0.0140686
0.0130081
0.0308533
0.0206566
0.0123367
0.00793076
0.000236511
-0.000144958
-0.0117645
-0.0220413
-0.0301094
-0.0286102
-0.041851
-0.0394287
-0.0463638
-0.0564995
-0.0586548
-0.0585403
-0.0511703
-0.0437279
-0.0629959
-0.0728455
-0.071331
-0.0816307
-0.0905151
-0.0795822
-0.0838547
-0.0891762
-0.0901031
-0.0896263
-0.078701
-0.0760994
-0.0689087
-0.0574074
-0.0428734
-0.0439415
-0.0490646
-0.0448151
-0.0582428
-0.0607529
-0.0631981
-0.0735931
-0.0779686
-0.0858269
-0.0896149
-0.0683403
-0.0644417
-0.066555
-0.0433235
-0.0346947
-0.043354
-0.0424576
-0.0341377
-0.0210075
-0.00654984
-0.00384903
0.000537872
-0.0132103
-0.0297394
-0.0179405
-0.0119858
-0.0170479
-0.0121002
-0.000930786
-0.00376892
0.00207901
0.00819778
0.0065155
0.013092
0.027092
0.194599
0.51099
0.668308
0.655609
0.653137
0.641579
0.641457
0.644638
0.649826
0.64711
0.642525
0.63464
0.636383
0.414059
0.166298
-0.0919685
-0.324017
-0.571663
-0.818241
-1.05131
-1.29018
-1.53317
-1.7743
-2.02727
-2.28244
-2.69443
-3.2504
-3.64944
-3.89809
-4.14408
-4.37307
-4.61979
-4.86879
-5.13409
-5.39078
-5.63488
-5.87434
-6.10265
-6.34514
-6.5867
-6.80241
-7.03874
-7.2907
-7.53803
-7.78865
-8.02892
-8.26947
-8.52063
-8.76584
-9.00264
-9.24485
-9.49846
-9.74828
-9.99021
-10.221
-10.4657
-10.7015
-10.9343
-11.1611
-11.3898
-11.62
-11.8574
-12.1131
-12.3468
-12.5882
-12.8516
-13.1045
-13.3429
-13.5792
-13.8119
-14.0587
-14.3062
-14.545
-14.7764
-15.0293
-15.277
-15.5176
-15.7572
-15.9979
-16.2545
-16.5141
-16.7663
-17.0203
-17.2507
-17.4934
-17.7394
-17.9844
-18.2324
-18.4998
-18.7561
-18.9934
-19.2299
-19.4637
-19.6985
-19.9506
-20.1943
-20.4284
-20.6735
-20.9255
-21.1594
-21.396
-21.6327
-21.8706
-22.1152
-22.3466
-22.5817
-22.8325
-23.0798
-23.3311
-23.5671
-23.8126
-24.0592
-24.2857
-24.4824
-24.6957
-24.9317
-25.1821
-25.4331
-25.6857
-25.949
-26.1964
-26.4433
-26.6834
-26.9169
-27.1716
-27.4341
-27.6789
-27.9296
-28.1712
-28.4235
-28.6623
-28.8976
-29.1447
-29.3966
-29.6411
-29.8874
-30.1212
-30.3478
-30.5833
-30.8224
-31.0702
-31.3088
-31.5516
-31.7826
-32.0044
-32.2434
-32.4973
-32.7542
-33.0049
-33.2418
-33.4746
-33.731
-33.981
-34.2197
-34.4597
-34.7097
-34.9483
-35.1811
-35.4158
-35.6689
-35.9123
-36.1648
-36.4205
-36.6751
-36.9239
-37.169
-37.4136
-37.6599
-37.9064
-38.1542
-38.4167
-38.6532
-38.8852
-39.14
-39.388
-39.6271
-39.8644
-40.101
-40.3537
-40.5978
-40.8333
-41.0687
-41.3054
-41.5566
-41.8013
-42.0443
-42.2834
-42.5232
-40.8166
-39.1167
-37.4154
-35.7144
-34.0116
-32.3199
-30.6186
-28.9026
-27.2032
-25.5021
-23.7926
-22.0904
-20.3944
-18.6918
-16.992
-15.2941
-13.5939
-11.896
-10.2022
-8.5095
-6.8078
-5.10504
-3.406
-1.70681
0
